0.020408 0.061224 0.102041 0.183673 0.244898 0.387755 0.489796 0.510204 0.551020 0.591837 0.693878 0.693878 0.775510 0.857143 0.897959 0.938776 0.979592 1.000000 1.000000 1.000000 
0.000000 0.000000 0.000000 0.000000 0.000000 0.000000 0.000000 0.000000 0.000000 0.000000 0.000000 0.000000 0.000000 0.032000 0.160000 0.416000 0.688000 0.872000 0.976000 1.000000 
0.017241 0.068966 0.103448 0.189655 0.293103 0.362069 0.413793 0.465517 0.568966 0.706897 0.741379 0.793103 0.827586 0.862069 0.896552 0.948276 0.982759 0.982759 0.982759 1.000000 
0.000000 0.000000 0.000000 0.000000 0.000000 0.000000 0.000000 0.000000 0.000000 0.000000 0.000000 0.017241 0.034483 0.163793 0.525862 0.793103 0.922414 0.974138 0.991379 1.000000 
0.020408 0.020408 0.020408 0.081633 0.122449 0.183673 0.306122 0.346939 0.408163 0.469388 0.489796 0.571429 0.612245 0.734694 0.755102 0.836735 0.918367 0.959184 1.000000 1.000000 
0.000000 0.000000 0.000000 0.000000 0.000000 0.000000 0.000000 0.000000 0.000000 0.000000 0.000000 0.000000 0.000000 0.000000 0.016000 0.208000 0.592000 0.816000 0.968000 1.000000 
0.017241 0.017241 0.051724 0.206897 0.293103 0.362069 0.482759 0.603448 0.603448 0.672414 0.706897 0.758621 0.827586 0.879310 0.913793 0.965517 0.965517 0.982759 0.982759 1.000000 
0.000000 0.000000 0.000000 0.000000 0.000000 0.000000 0.000000 0.000000 0.000000 0.000000 0.000000 0.025862 0.077586 0.431034 0.732759 0.913793 0.974138 0.991379 0.991379 1.000000 
0.020408 0.040816 0.061224 0.122449 0.183673 0.306122 0.346939 0.489796 0.530612 0.591837 0.612245 0.693878 0.714286 0.755102 0.836735 0.938776 0.959184 0.959184 0.959184 1.000000 
0.000000 0.000000 0.000000 0.000000 0.000000 0.000000 0.000000 0.000000 0.000000 0.000000 0.000000 0.000000 0.016000 0.080000 0.216000 0.520000 0.744000 0.904000 0.968000 1.000000 
0.020408 0.040816 0.102041 0.163265 0.204082 0.306122 0.408163 0.448980 0.489796 0.510204 0.551020 0.612245 0.653061 0.816327 0.836735 0.918367 1.000000 1.000000 1.000000 1.000000 
0.000000 0.000000 0.000000 0.000000 0.000000 0.000000 0.000000 0.000000 0.000000 0.000000 0.000000 0.000000 0.000000 0.000000 0.048000 0.248000 0.640000 0.840000 0.976000 1.000000 
0.017241 0.034483 0.103448 0.206897 0.258621 0.344828 0.448276 0.500000 0.586207 0.603448 0.637931 0.689655 0.793103 0.844828 0.896552 0.931034 0.931034 0.965517 1.000000 1.000000 
0.000000 0.000000 0.000000 0.000000 0.000000 0.000000 0.000000 0.000000 0.000000 0.000000 0.000000 0.000000 0.017241 0.068966 0.318966 0.637931 0.827586 0.948276 0.982759 1.000000 
0.018182 0.036364 0.072727 0.181818 0.200000 0.290909 0.418182 0.509091 0.618182 0.654545 0.745455 0.836364 0.927273 0.963636 0.981818 0.981818 0.981818 1.000000 1.000000 1.000000 
0.000000 0.000000 0.000000 0.000000 0.000000 0.000000 0.000000 0.000000 0.000000 0.000000 0.033613 0.100840 0.201681 0.436975 0.655462 0.857143 0.949580 0.974790 0.983193 1.000000 
0.020408 0.040816 0.081633 0.183673 0.204082 0.224490 0.224490 0.346939 0.448980 0.530612 0.530612 0.591837 0.693878 0.714286 0.775510 0.857143 0.897959 0.918367 0.959184 1.000000 
0.000000 0.000000 0.000000 0.000000 0.000000 0.000000 0.000000 0.000000 0.000000 0.000000 0.000000 0.008000 0.096000 0.304000 0.576000 0.768000 0.920000 0.992000 0.992000 1.000000 
0.020408 0.081633 0.102041 0.122449 0.244898 0.285714 0.346939 0.448980 0.510204 0.551020 0.591837 0.693878 0.734694 0.795918 0.857143 0.959184 0.979592 1.000000 1.000000 1.000000 
0.000000 0.000000 0.000000 0.000000 0.000000 0.000000 0.000000 0.000000 0.000000 0.000000 0.000000 0.000000 0.000000 0.000000 0.008000 0.064000 0.368000 0.712000 0.936000 1.000000 
0.020408 0.081633 0.122449 0.204082 0.265306 0.326531 0.346939 0.428571 0.510204 0.591837 0.612245 0.693878 0.775510 0.857143 0.918367 0.959184 0.959184 1.000000 1.000000 1.000000 
0.000000 0.000000 0.000000 0.000000 0.000000 0.000000 0.000000 0.000000 0.000000 0.000000 0.000000 0.000000 0.000000 0.008000 0.056000 0.264000 0.640000 0.864000 0.968000 1.000000 
0.017241 0.155172 0.241379 0.327586 0.448276 0.534483 0.603448 0.655172 0.724138 0.741379 0.793103 0.844828 0.913793 0.982759 0.982759 1.000000 1.000000 1.000000 1.000000 1.000000 
0.000000 0.000000 0.000000 0.000000 0.000000 0.000000 0.000000 0.000000 0.000000 0.000000 0.000000 0.000000 0.000000 0.034483 0.086207 0.396552 0.741379 0.922414 0.982759 1.000000 
0.017241 0.017241 0.068966 0.155172 0.275862 0.413793 0.517241 0.568966 0.603448 0.620690 0.637931 0.689655 0.793103 0.844828 0.879310 0.931034 0.965517 0.982759 1.000000 1.000000 
0.000000 0.000000 0.000000 0.000000 0.000000 0.000000 0.000000 0.000000 0.000000 0.000000 0.000000 0.000000 0.008621 0.008621 0.077586 0.413793 0.767241 0.948276 0.982759 1.000000 
0.018182 0.072727 0.200000 0.400000 0.436364 0.509091 0.600000 0.654545 0.690909 0.709091 0.745455 0.763636 0.781818 0.836364 0.890909 0.890909 0.945455 0.945455 1.000000 1.000000 
0.000000 0.000000 0.000000 0.000000 0.000000 0.000000 0.000000 0.000000 0.000000 0.000000 0.000000 0.000000 0.000000 0.008403 0.075630 0.327731 0.680672 0.865546 0.957983 1.000000 
0.017241 0.017241 0.017241 0.120690 0.293103 0.413793 0.448276 0.534483 0.637931 0.637931 0.672414 0.775862 0.810345 0.879310 0.965517 1.000000 1.000000 1.000000 1.000000 1.000000 
0.000000 0.000000 0.000000 0.000000 0.000000 0.000000 0.000000 0.000000 0.000000 0.000000 0.000000 0.000000 0.000000 0.017241 0.068966 0.344828 0.732759 0.913793 0.965517 1.000000 
0.018182 0.018182 0.036364 0.054545 0.218182 0.290909 0.490909 0.581818 0.636364 0.727273 0.763636 0.854545 0.909091 0.981818 1.000000 1.000000 1.000000 1.000000 1.000000 1.000000 
0.000000 0.000000 0.000000 0.000000 0.000000 0.000000 0.000000 0.000000 0.000000 0.000000 0.000000 0.000000 0.000000 0.000000 0.042017 0.168067 0.554622 0.865546 0.983193 1.000000 
0.017241 0.017241 0.068966 0.120690 0.172414 0.327586 0.413793 0.465517 0.586207 0.655172 0.741379 0.775862 0.844828 0.896552 0.931034 0.965517 0.965517 0.982759 0.982759 1.000000 
0.000000 0.000000 0.000000 0.000000 0.008621 0.017241 0.034483 0.068966 0.155172 0.267241 0.336207 0.525862 0.724138 0.853448 0.931034 0.974138 0.982759 0.982759 0.991379 1.000000 
0.020408 0.040816 0.081633 0.122449 0.163265 0.265306 0.326531 0.367347 0.408163 0.469388 0.530612 0.612245 0.693878 0.734694 0.795918 0.836735 0.857143 0.938776 0.959184 1.000000 
0.000000 0.000000 0.000000 0.000000 0.000000 0.000000 0.000000 0.008000 0.040000 0.120000 0.304000 0.496000 0.776000 0.912000 0.976000 0.992000 0.992000 1.000000 1.000000 1.000000 
0.020408 0.040816 0.142857 0.224490 0.306122 0.387755 0.448980 0.530612 0.551020 0.612245 0.673469 0.693878 0.816327 0.877551 0.918367 0.959184 1.000000 1.000000 1.000000 1.000000 
0.000000 0.000000 0.000000 0.000000 0.000000 0.000000 0.000000 0.000000 0.000000 0.000000 0.000000 0.000000 0.000000 0.016000 0.080000 0.376000 0.672000 0.840000 0.944000 1.000000 
0.018182 0.018182 0.018182 0.109091 0.236364 0.290909 0.381818 0.472727 0.563636 0.654545 0.690909 0.763636 0.836364 0.890909 0.890909 0.890909 0.909091 0.963636 0.963636 1.000000 
0.000000 0.000000 0.000000 0.000000 0.000000 0.000000 0.000000 0.000000 0.000000 0.000000 0.016807 0.100840 0.327731 0.638655 0.857143 0.957983 0.991597 1.000000 1.000000 1.000000 
0.017241 0.051724 0.120690 0.155172 0.258621 0.396552 0.448276 0.517241 0.620690 0.724138 0.827586 0.862069 0.879310 0.879310 0.931034 0.965517 0.982759 0.982759 1.000000 1.000000 
0.000000 0.000000 0.000000 0.000000 0.000000 0.000000 0.000000 0.000000 0.000000 0.000000 0.017241 0.068966 0.258621 0.543103 0.758621 0.913793 0.974138 0.982759 0.991379 1.000000 
0.017241 0.017241 0.017241 0.034483 0.068966 0.086207 0.155172 0.258621 0.396552 0.465517 0.603448 0.741379 0.827586 0.879310 0.931034 0.931034 0.948276 0.982759 0.982759 1.000000 
0.000000 0.000000 0.000000 0.000000 0.000000 0.000000 0.000000 0.000000 0.000000 0.000000 0.000000 0.008621 0.068966 0.232759 0.525862 0.810345 0.939655 0.974138 0.991379 1.000000 
0.020408 0.040816 0.081633 0.122449 0.204082 0.224490 0.244898 0.285714 0.448980 0.510204 0.551020 0.632653 0.673469 0.775510 0.795918 0.857143 0.897959 0.959184 0.959184 1.000000 
0.000000 0.000000 0.000000 0.000000 0.000000 0.000000 0.000000 0.000000 0.000000 0.000000 0.000000 0.000000 0.008000 0.032000 0.168000 0.472000 0.720000 0.840000 0.976000 1.000000 
0.018182 0.036364 0.127273 0.236364 0.418182 0.563636 0.709091 0.763636 0.763636 0.763636 0.836364 0.854545 0.890909 0.909091 0.945455 0.963636 0.981818 1.000000 1.000000 1.000000 
0.000000 0.000000 0.000000 0.000000 0.000000 0.000000 0.000000 0.000000 0.000000 0.000000 0.000000 0.000000 0.016807 0.042017 0.151261 0.453782 0.722689 0.890756 0.974790 1.000000 
0.020408 0.040816 0.122449 0.163265 0.204082 0.285714 0.346939 0.387755 0.387755 0.510204 0.632653 0.653061 0.714286 0.775510 0.795918 0.897959 0.918367 0.959184 0.979592 1.000000 
0.000000 0.000000 0.000000 0.000000 0.000000 0.000000 0.000000 0.000000 0.000000 0.000000 0.000000 0.024000 0.080000 0.296000 0.560000 0.784000 0.928000 0.984000 1.000000 1.000000 
0.018182 0.036364 0.109091 0.200000 0.309091 0.418182 0.581818 0.672727 0.709091 0.727273 0.763636 0.836364 0.854545 0.909091 0.963636 0.981818 0.981818 1.000000 1.000000 1.000000 
0.000000 0.000000 0.000000 0.000000 0.000000 0.000000 0.000000 0.000000 0.000000 0.000000 0.000000 0.000000 0.050420 0.168067 0.428571 0.731092 0.915966 0.966387 0.983193 1.000000 
0.020408 0.040816 0.061224 0.122449 0.204082 0.306122 0.346939 0.387755 0.428571 0.489796 0.551020 0.632653 0.673469 0.755102 0.816327 0.836735 0.938776 0.979592 0.979592 1.000000 
0.000000 0.000000 0.000000 0.000000 0.000000 0.000000 0.000000 0.000000 0.000000 0.000000 0.000000 0.000000 0.008000 0.136000 0.376000 0.680000 0.864000 0.952000 0.992000 1.000000 
0.020408 0.081633 0.142857 0.224490 0.244898 0.306122 0.346939 0.448980 0.469388 0.591837 0.591837 0.632653 0.693878 0.755102 0.836735 0.857143 0.918367 0.938776 0.979592 1.000000 
0.000000 0.000000 0.000000 0.000000 0.000000 0.000000 0.000000 0.000000 0.000000 0.000000 0.000000 0.008000 0.032000 0.256000 0.504000 0.752000 0.920000 0.984000 0.992000 1.000000 
0.018182 0.072727 0.109091 0.145455 0.236364 0.327273 0.436364 0.509091 0.618182 0.672727 0.727273 0.745455 0.836364 0.890909 0.890909 0.909091 0.927273 0.945455 0.981818 1.000000 
0.000000 0.000000 0.000000 0.000000 0.000000 0.000000 0.000000 0.000000 0.000000 0.000000 0.008403 0.025210 0.176471 0.512605 0.756303 0.924370 0.966387 0.991597 1.000000 1.000000 
0.017241 0.017241 0.017241 0.068966 0.137931 0.172414 0.224138 0.275862 0.362069 0.551724 0.655172 0.706897 0.793103 0.827586 0.896552 0.913793 0.948276 0.948276 0.965517 1.000000 
0.000000 0.000000 0.000000 0.000000 0.000000 0.000000 0.000000 0.000000 0.025862 0.086207 0.258621 0.465517 0.741379 0.879310 0.939655 0.965517 0.991379 0.991379 1.000000 1.000000 
0.018182 0.054545 0.127273 0.218182 0.363636 0.472727 0.509091 0.563636 0.636364 0.690909 0.745455 0.800000 0.818182 0.872727 0.963636 1.000000 1.000000 1.000000 1.000000 1.000000 
0.000000 0.000000 0.000000 0.000000 0.000000 0.000000 0.000000 0.000000 0.000000 0.000000 0.000000 0.000000 0.000000 0.000000 0.042017 0.184874 0.546218 0.823529 0.924370 1.000000 
0.017241 0.051724 0.068966 0.137931 0.189655 0.275862 0.396552 0.517241 0.568966 0.655172 0.724138 0.810345 0.862069 0.896552 0.948276 0.982759 0.982759 0.982759 0.982759 1.000000 
0.000000 0.000000 0.000000 0.000000 0.000000 0.000000 0.000000 0.000000 0.000000 0.000000 0.000000 0.008621 0.008621 0.034483 0.146552 0.448276 0.758621 0.887931 0.965517 1.000000 
0.017241 0.017241 0.068966 0.155172 0.241379 0.379310 0.551724 0.706897 0.844828 0.896552 0.896552 0.931034 0.931034 0.948276 0.965517 0.982759 1.000000 1.000000 1.000000 1.000000 
0.000000 0.000000 0.000000 0.000000 0.000000 0.000000 0.000000 0.000000 0.000000 0.000000 0.000000 0.000000 0.008621 0.129310 0.310345 0.629310 0.870690 0.965517 0.974138 1.000000 
0.020408 0.122449 0.204082 0.224490 0.285714 0.326531 0.448980 0.448980 0.530612 0.571429 0.612245 0.612245 0.714286 0.816327 0.836735 0.877551 0.918367 0.959184 0.959184 1.000000 
0.000000 0.000000 0.000000 0.000000 0.000000 0.000000 0.000000 0.000000 0.000000 0.000000 0.000000 0.000000 0.000000 0.008000 0.096000 0.344000 0.608000 0.808000 0.936000 1.000000 
0.018182 0.054545 0.054545 0.109091 0.127273 0.181818 0.236364 0.381818 0.509091 0.618182 0.800000 0.909091 0.981818 0.981818 1.000000 1.000000 1.000000 1.000000 1.000000 1.000000 
0.000000 0.000000 0.000000 0.000000 0.000000 0.000000 0.000000 0.000000 0.000000 0.008403 0.008403 0.016807 0.058824 0.109244 0.260504 0.478992 0.722689 0.882353 0.949580 1.000000 
0.018182 0.018182 0.018182 0.018182 0.036364 0.054545 0.090909 0.109091 0.163636 0.236364 0.327273 0.436364 0.618182 0.800000 0.890909 0.963636 1.000000 1.000000 1.000000 1.000000 
0.000000 0.000000 0.000000 0.000000 0.000000 0.000000 0.000000 0.000000 0.000000 0.000000 0.008403 0.016807 0.075630 0.168067 0.352941 0.579832 0.789916 0.899160 0.949580 1.000000 
0.018182 0.018182 0.018182 0.054545 0.090909 0.127273 0.145455 0.163636 0.200000 0.290909 0.345455 0.454545 0.581818 0.654545 0.709091 0.763636 0.872727 0.909091 0.945455 1.000000 
0.000000 0.000000 0.000000 0.000000 0.000000 0.000000 0.000000 0.000000 0.000000 0.016807 0.025210 0.100840 0.176471 0.319328 0.478992 0.680672 0.840336 0.899160 0.949580 1.000000 
0.017241 0.051724 0.086207 0.103448 0.120690 0.155172 0.172414 0.241379 0.344828 0.396552 0.517241 0.706897 0.810345 0.879310 0.965517 0.982759 1.000000 1.000000 1.000000 1.000000 
0.000000 0.000000 0.000000 0.000000 0.000000 0.000000 0.000000 0.000000 0.000000 0.000000 0.017241 0.068966 0.146552 0.293103 0.560345 0.836207 0.965517 0.974138 0.982759 1.000000 
0.020408 0.020408 0.020408 0.020408 0.020408 0.081633 0.102041 0.142857 0.204082 0.285714 0.326531 0.448980 0.530612 0.693878 0.816327 0.877551 0.918367 0.959184 0.959184 1.000000 
0.000000 0.000000 0.000000 0.000000 0.000000 0.000000 0.000000 0.000000 0.000000 0.032000 0.072000 0.160000 0.312000 0.568000 0.880000 0.952000 0.992000 1.000000 1.000000 1.000000 
0.017241 0.017241 0.017241 0.017241 0.034483 0.068966 0.086207 0.137931 0.189655 0.275862 0.448276 0.517241 0.724138 0.793103 0.862069 0.948276 0.982759 0.982759 0.982759 1.000000 
0.000000 0.000000 0.000000 0.000000 0.000000 0.000000 0.000000 0.000000 0.000000 0.017241 0.034483 0.060345 0.146552 0.293103 0.534483 0.672414 0.810345 0.948276 0.956897 1.000000 
0.017241 0.017241 0.034483 0.068966 0.103448 0.137931 0.172414 0.206897 0.224138 0.327586 0.448276 0.586207 0.706897 0.775862 0.827586 0.879310 0.931034 0.931034 0.965517 1.000000 
0.000000 0.000000 0.000000 0.000000 0.000000 0.000000 0.000000 0.008621 0.008621 0.043103 0.129310 0.215517 0.431034 0.629310 0.870690 0.922414 0.982759 0.991379 1.000000 1.000000 
0.018182 0.018182 0.018182 0.054545 0.054545 0.054545 0.090909 0.145455 0.163636 0.254545 0.327273 0.363636 0.509091 0.727273 0.854545 0.945455 0.963636 1.000000 1.000000 1.000000 
0.000000 0.000000 0.000000 0.000000 0.000000 0.000000 0.000000 0.000000 0.000000 0.000000 0.000000 0.000000 0.000000 0.016807 0.109244 0.235294 0.495798 0.747899 0.890756 1.000000 
0.020408 0.040816 0.061224 0.081633 0.122449 0.142857 0.183673 0.244898 0.367347 0.448980 0.571429 0.816327 0.938776 1.000000 1.000000 1.000000 1.000000 1.000000 1.000000 1.000000 
0.000000 0.000000 0.000000 0.000000 0.000000 0.000000 0.000000 0.000000 0.000000 0.000000 0.000000 0.008000 0.080000 0.176000 0.440000 0.680000 0.872000 0.928000 0.968000 1.000000 
0.017241 0.017241 0.017241 0.051724 0.051724 0.086207 0.086207 0.137931 0.155172 0.189655 0.327586 0.431034 0.586207 0.655172 0.862069 0.931034 0.948276 1.000000 1.000000 1.000000 
0.000000 0.000000 0.000000 0.000000 0.000000 0.000000 0.000000 0.008621 0.008621 0.034483 0.060345 0.146552 0.362069 0.560345 0.844828 0.931034 0.956897 0.982759 0.991379 1.000000 
0.020408 0.040816 0.102041 0.163265 0.224490 0.346939 0.408163 0.428571 0.530612 0.530612 0.612245 0.673469 0.755102 0.795918 0.857143 0.918367 0.959184 0.959184 0.979592 1.000000 
0.000000 0.000000 0.000000 0.000000 0.000000 0.000000 0.000000 0.000000 0.000000 0.000000 0.000000 0.000000 0.000000 0.000000 0.016000 0.216000 0.544000 0.784000 0.944000 1.000000 
0.018182 0.018182 0.054545 0.163636 0.200000 0.309091 0.472727 0.581818 0.654545 0.709091 0.763636 0.763636 0.781818 0.854545 0.890909 0.909091 0.945455 0.963636 0.981818 1.000000 
0.000000 0.000000 0.000000 0.000000 0.000000 0.000000 0.000000 0.000000 0.000000 0.000000 0.000000 0.000000 0.000000 0.025210 0.126050 0.462185 0.739496 0.907563 0.966387 1.000000 
0.020408 0.020408 0.020408 0.102041 0.142857 0.224490 0.265306 0.326531 0.489796 0.551020 0.693878 0.714286 0.755102 0.816327 0.836735 0.877551 0.897959 0.938776 0.979592 1.000000 
0.000000 0.000000 0.000000 0.000000 0.000000 0.000000 0.016000 0.032000 0.080000 0.208000 0.312000 0.456000 0.648000 0.768000 0.856000 0.936000 0.976000 0.992000 0.992000 1.000000 
0.017241 0.034483 0.051724 0.103448 0.155172 0.189655 0.344828 0.586207 0.706897 0.810345 0.862069 0.931034 0.948276 0.982759 1.000000 1.000000 1.000000 1.000000 1.000000 1.000000 
0.000000 0.000000 0.000000 0.000000 0.000000 0.000000 0.000000 0.000000 0.000000 0.000000 0.008621 0.008621 0.017241 0.068966 0.120690 0.318966 0.681034 0.887931 0.974138 1.000000 
0.018182 0.054545 0.145455 0.236364 0.327273 0.436364 0.436364 0.545455 0.563636 0.618182 0.709091 0.763636 0.800000 0.854545 0.927273 0.963636 1.000000 1.000000 1.000000 1.000000 
0.000000 0.000000 0.000000 0.000000 0.000000 0.000000 0.000000 0.000000 0.000000 0.000000 0.000000 0.000000 0.000000 0.016807 0.151261 0.420168 0.764706 0.915966 0.966387 1.000000 
0.017241 0.068966 0.120690 0.172414 0.241379 0.396552 0.517241 0.655172 0.758621 0.879310 0.931034 0.948276 0.982759 0.982759 0.982759 1.000000 1.000000 1.000000 1.000000 1.000000 
0.000000 0.000000 0.000000 0.000000 0.000000 0.000000 0.000000 0.000000 0.000000 0.000000 0.000000 0.000000 0.008621 0.034483 0.068966 0.198276 0.474138 0.793103 0.931034 1.000000 
0.020408 0.040816 0.122449 0.122449 0.224490 0.224490 0.285714 0.346939 0.428571 0.510204 0.551020 0.591837 0.714286 0.775510 0.877551 0.877551 0.918367 0.938776 0.979592 1.000000 
0.000000 0.000000 0.000000 0.000000 0.000000 0.000000 0.000000 0.000000 0.000000 0.000000 0.008000 0.040000 0.216000 0.528000 0.752000 0.912000 0.984000 1.000000 1.000000 1.000000 
0.020408 0.040816 0.061224 0.081633 0.204082 0.367347 0.530612 0.612245 0.795918 0.877551 0.938776 0.938776 0.938776 0.959184 1.000000 1.000000 1.000000 1.000000 1.000000 1.000000 
0.000000 0.000000 0.000000 0.000000 0.000000 0.000000 0.000000 0.000000 0.000000 0.000000 0.000000 0.000000 0.000000 0.000000 0.024000 0.080000 0.280000 0.632000 0.896000 1.000000 
0.020408 0.020408 0.020408 0.020408 0.102041 0.183673 0.367347 0.469388 0.591837 0.632653 0.775510 0.877551 0.918367 0.979592 0.979592 1.000000 1.000000 1.000000 1.000000 1.000000 
0.000000 0.000000 0.000000 0.000000 0.000000 0.000000 0.000000 0.000000 0.000000 0.000000 0.000000 0.000000 0.000000 0.032000 0.104000 0.280000 0.640000 0.816000 0.944000 1.000000 
0.020408 0.081633 0.122449 0.163265 0.224490 0.326531 0.428571 0.469388 0.489796 0.551020 0.632653 0.734694 0.755102 0.857143 0.918367 0.959184 1.000000 1.000000 1.000000 1.000000 
0.000000 0.000000 0.000000 0.000000 0.000000 0.000000 0.000000 0.000000 0.000000 0.000000 0.000000 0.000000 0.000000 0.008000 0.072000 0.296000 0.592000 0.808000 0.976000 1.000000 
0.017241 0.034483 0.120690 0.241379 0.258621 0.362069 0.517241 0.568966 0.655172 0.689655 0.775862 0.862069 0.896552 0.982759 1.000000 1.000000 1.000000 1.000000 1.000000 1.000000 
0.000000 0.000000 0.000000 0.000000 0.000000 0.000000 0.000000 0.000000 0.000000 0.000000 0.000000 0.000000 0.000000 0.000000 0.034483 0.189655 0.603448 0.879310 0.982759 1.000000 
0.020408 0.040816 0.061224 0.102041 0.224490 0.306122 0.408163 0.489796 0.510204 0.571429 0.693878 0.734694 0.775510 0.877551 0.979592 1.000000 1.000000 1.000000 1.000000 1.000000 
0.000000 0.000000 0.000000 0.000000 0.000000 0.000000 0.000000 0.000000 0.000000 0.000000 0.000000 0.000000 0.000000 0.000000 0.008000 0.112000 0.384000 0.704000 0.880000 1.000000 
0.018182 0.018182 0.072727 0.200000 0.290909 0.472727 0.618182 0.654545 0.709091 0.763636 0.800000 0.890909 0.927273 0.945455 0.963636 0.981818 1.000000 1.000000 1.000000 1.000000 
0.000000 0.000000 0.000000 0.000000 0.000000 0.000000 0.000000 0.000000 0.000000 0.000000 0.000000 0.000000 0.008403 0.025210 0.084034 0.201681 0.554622 0.806723 0.915966 1.000000 
0.018182 0.072727 0.109091 0.254545 0.381818 0.490909 0.581818 0.672727 0.727273 0.781818 0.854545 0.872727 0.909091 0.945455 0.945455 0.945455 0.981818 1.000000 1.000000 1.000000 
0.000000 0.000000 0.000000 0.000000 0.000000 0.000000 0.000000 0.000000 0.000000 0.000000 0.000000 0.016807 0.033613 0.084034 0.285714 0.554622 0.815126 0.932773 0.991597 1.000000 
0.020408 0.040816 0.081633 0.183673 0.265306 0.326531 0.367347 0.428571 0.469388 0.591837 0.632653 0.693878 0.775510 0.816327 0.857143 0.918367 0.938776 0.959184 0.979592 1.000000 
0.000000 0.000000 0.000000 0.000000 0.000000 0.000000 0.000000 0.000000 0.000000 0.000000 0.040000 0.096000 0.360000 0.648000 0.840000 0.952000 0.984000 1.000000 1.000000 1.000000 
0.020408 0.040816 0.081633 0.183673 0.285714 0.367347 0.448980 0.551020 0.591837 0.653061 0.673469 0.734694 0.816327 0.857143 0.959184 0.959184 0.979592 1.000000 1.000000 1.000000 
0.000000 0.000000 0.000000 0.000000 0.000000 0.000000 0.000000 0.000000 0.000000 0.000000 0.000000 0.000000 0.000000 0.016000 0.048000 0.248000 0.528000 0.832000 0.968000 1.000000 
0.018182 0.036364 0.072727 0.090909 0.090909 0.109091 0.254545 0.381818 0.545455 0.672727 0.709091 0.818182 0.872727 0.909091 0.963636 0.963636 0.981818 0.981818 1.000000 1.000000 
0.000000 0.000000 0.000000 0.000000 0.000000 0.000000 0.000000 0.000000 0.000000 0.000000 0.000000 0.008403 0.008403 0.008403 0.033613 0.201681 0.420168 0.731092 0.890756 1.000000 
0.018182 0.018182 0.018182 0.036364 0.072727 0.127273 0.145455 0.236364 0.381818 0.472727 0.563636 0.654545 0.763636 0.854545 0.909091 0.945455 0.963636 0.981818 0.981818 1.000000 
0.000000 0.000000 0.000000 0.000000 0.000000 0.000000 0.000000 0.000000 0.000000 0.000000 0.000000 0.092437 0.285714 0.512605 0.823529 0.932773 0.957983 0.991597 0.991597 1.000000 
0.018182 0.054545 0.145455 0.218182 0.327273 0.418182 0.454545 0.581818 0.654545 0.727273 0.800000 0.854545 0.927273 0.981818 1.000000 1.000000 1.000000 1.000000 1.000000 1.000000 
0.000000 0.000000 0.000000 0.000000 0.000000 0.000000 0.000000 0.000000 0.000000 0.000000 0.000000 0.000000 0.000000 0.016807 0.126050 0.445378 0.689076 0.882353 0.966387 1.000000 
0.020408 0.040816 0.081633 0.142857 0.142857 0.265306 0.367347 0.408163 0.448980 0.489796 0.530612 0.612245 0.693878 0.775510 0.836735 0.836735 0.918367 0.959184 1.000000 1.000000 
0.000000 0.000000 0.000000 0.000000 0.000000 0.000000 0.000000 0.000000 0.000000 0.000000 0.000000 0.000000 0.000000 0.024000 0.128000 0.368000 0.648000 0.864000 0.960000 1.000000 
0.018182 0.090909 0.109091 0.127273 0.218182 0.363636 0.527273 0.563636 0.672727 0.727273 0.818182 0.909091 0.981818 1.000000 1.000000 1.000000 1.000000 1.000000 1.000000 1.000000 
0.000000 0.000000 0.000000 0.000000 0.000000 0.000000 0.000000 0.000000 0.000000 0.000000 0.000000 0.000000 0.008403 0.050420 0.176471 0.512605 0.823529 0.949580 0.991597 1.000000 
0.020408 0.061224 0.081633 0.163265 0.183673 0.265306 0.326531 0.448980 0.469388 0.530612 0.571429 0.653061 0.755102 0.795918 0.836735 0.877551 0.959184 0.959184 0.959184 1.000000 
0.000000 0.000000 0.000000 0.000000 0.000000 0.000000 0.000000 0.000000 0.000000 0.000000 0.000000 0.024000 0.152000 0.336000 0.568000 0.792000 0.944000 0.992000 0.992000 1.000000 
0.020408 0.020408 0.040816 0.040816 0.122449 0.183673 0.285714 0.510204 0.795918 0.836735 0.897959 0.918367 0.938776 0.959184 1.000000 1.000000 1.000000 1.000000 1.000000 1.000000 
0.000000 0.000000 0.000000 0.000000 0.000000 0.000000 0.000000 0.000000 0.000000 0.000000 0.000000 0.000000 0.000000 0.000000 0.008000 0.080000 0.328000 0.736000 0.928000 1.000000 
0.018182 0.054545 0.145455 0.181818 0.327273 0.400000 0.509091 0.636364 0.709091 0.745455 0.763636 0.763636 0.800000 0.872727 0.890909 0.909091 0.927273 0.945455 0.963636 1.000000 
0.000000 0.000000 0.000000 0.000000 0.000000 0.000000 0.000000 0.000000 0.000000 0.000000 0.000000 0.008403 0.016807 0.168067 0.512605 0.764706 0.873950 0.966387 0.991597 1.000000 
0.020408 0.061224 0.102041 0.244898 0.326531 0.387755 0.448980 0.469388 0.530612 0.591837 0.653061 0.734694 0.755102 0.836735 0.918367 0.959184 0.959184 1.000000 1.000000 1.000000 
0.000000 0.000000 0.000000 0.000000 0.000000 0.000000 0.000000 0.000000 0.000000 0.000000 0.000000 0.000000 0.000000 0.008000 0.048000 0.344000 0.664000 0.816000 0.976000 1.000000 
0.017241 0.017241 0.068966 0.086207 0.224138 0.431034 0.534483 0.586207 0.741379 0.827586 0.896552 0.913793 0.965517 0.965517 0.982759 0.982759 1.000000 1.000000 1.000000 1.000000 
0.000000 0.000000 0.000000 0.000000 0.000000 0.000000 0.000000 0.000000 0.000000 0.000000 0.000000 0.000000 0.008621 0.060345 0.155172 0.387931 0.724138 0.887931 0.965517 1.000000 
0.017241 0.017241 0.068966 0.120690 0.224138 0.275862 0.362069 0.431034 0.500000 0.586207 0.689655 0.793103 0.879310 0.896552 0.896552 0.913793 0.965517 0.982759 0.982759 1.000000 
0.000000 0.000000 0.000000 0.000000 0.000000 0.000000 0.000000 0.000000 0.008621 0.025862 0.215517 0.508621 0.767241 0.905172 0.974138 0.982759 0.991379 0.991379 0.991379 1.000000 
0.017241 0.017241 0.034483 0.051724 0.068966 0.086207 0.103448 0.137931 0.155172 0.189655 0.241379 0.310345 0.482759 0.672414 0.741379 0.844828 0.965517 1.000000 1.000000 1.000000 
0.000000 0.000000 0.000000 0.000000 0.000000 0.000000 0.000000 0.000000 0.000000 0.008621 0.034483 0.137931 0.293103 0.525862 0.793103 0.905172 0.974138 0.982759 0.991379 1.000000 
0.017241 0.034483 0.086207 0.103448 0.137931 0.206897 0.241379 0.275862 0.310345 0.362069 0.465517 0.551724 0.724138 0.827586 0.896552 0.965517 1.000000 1.000000 1.000000 1.000000 
0.000000 0.000000 0.000000 0.000000 0.000000 0.000000 0.000000 0.000000 0.000000 0.000000 0.000000 0.051724 0.181034 0.439655 0.663793 0.879310 0.939655 0.991379 0.991379 1.000000 
0.018182 0.018182 0.036364 0.054545 0.072727 0.072727 0.109091 0.109091 0.181818 0.236364 0.345455 0.509091 0.618182 0.781818 0.890909 0.909091 0.945455 0.963636 1.000000 1.000000 
0.000000 0.000000 0.000000 0.000000 0.000000 0.000000 0.000000 0.000000 0.016807 0.025210 0.058824 0.117647 0.268908 0.436975 0.571429 0.714286 0.865546 0.915966 0.983193 1.000000 
0.020408 0.020408 0.020408 0.020408 0.040816 0.081633 0.102041 0.183673 0.204082 0.367347 0.469388 0.571429 0.714286 0.755102 0.836735 0.897959 0.918367 0.938776 0.979592 1.000000 
0.000000 0.000000 0.000000 0.000000 0.000000 0.000000 0.008000 0.016000 0.024000 0.040000 0.096000 0.176000 0.336000 0.480000 0.640000 0.784000 0.912000 0.976000 0.992000 1.000000 
0.020408 0.040816 0.061224 0.122449 0.122449 0.142857 0.183673 0.244898 0.367347 0.448980 0.612245 0.714286 0.795918 0.979592 1.000000 1.000000 1.000000 1.000000 1.000000 1.000000 
0.000000 0.000000 0.000000 0.000000 0.000000 0.000000 0.000000 0.000000 0.000000 0.000000 0.000000 0.024000 0.104000 0.224000 0.408000 0.632000 0.904000 0.952000 0.984000 1.000000 
0.018182 0.018182 0.036364 0.054545 0.054545 0.090909 0.109091 0.218182 0.327273 0.509091 0.563636 0.690909 0.745455 0.800000 0.872727 0.945455 0.981818 0.981818 1.000000 1.000000 
0.000000 0.000000 0.000000 0.000000 0.000000 0.000000 0.000000 0.016807 0.042017 0.092437 0.193277 0.344538 0.521008 0.621849 0.714286 0.848739 0.924370 0.974790 0.983193 1.000000 
0.018182 0.018182 0.018182 0.018182 0.018182 0.054545 0.181818 0.254545 0.290909 0.327273 0.418182 0.563636 0.672727 0.690909 0.818182 0.945455 0.945455 1.000000 1.000000 1.000000 
0.000000 0.000000 0.000000 0.000000 0.000000 0.000000 0.000000 0.000000 0.000000 0.008403 0.008403 0.025210 0.058824 0.201681 0.394958 0.613445 0.806723 0.941176 0.983193 1.000000 
0.018182 0.018182 0.054545 0.090909 0.127273 0.254545 0.363636 0.418182 0.581818 0.781818 0.854545 0.890909 0.945455 0.945455 0.981818 1.000000 1.000000 1.000000 1.000000 1.000000 
0.000000 0.000000 0.000000 0.000000 0.000000 0.000000 0.008403 0.016807 0.016807 0.016807 0.075630 0.109244 0.319328 0.462185 0.605042 0.722689 0.831933 0.907563 0.957983 1.000000 
0.020408 0.061224 0.102041 0.163265 0.163265 0.265306 0.265306 0.367347 0.428571 0.510204 0.612245 0.734694 0.775510 0.836735 0.918367 0.938776 0.938776 0.979592 0.979592 1.000000 
0.000000 0.000000 0.000000 0.000000 0.000000 0.000000 0.000000 0.000000 0.000000 0.008000 0.032000 0.120000 0.264000 0.528000 0.816000 0.928000 0.984000 0.992000 1.000000 1.000000 
0.018182 0.072727 0.109091 0.145455 0.163636 0.163636 0.236364 0.345455 0.436364 0.472727 0.545455 0.618182 0.727273 0.800000 0.836364 0.854545 0.909091 0.963636 0.981818 1.000000 
0.000000 0.000000 0.000000 0.008403 0.008403 0.033613 0.075630 0.168067 0.294118 0.478992 0.613445 0.714286 0.831933 0.899160 0.966387 0.974790 1.000000 1.000000 1.000000 1.000000 
0.008621 0.025862 0.129310 0.284483 0.413793 0.603448 0.758621 0.896552 0.931034 0.965517 0.991379 0.991379 0.991379 1.000000 1.000000 1.000000 1.000000 1.000000 1.000000 1.000000 
0.000000 0.000000 0.000000 0.000000 0.000000 0.000000 0.000000 0.017241 0.017241 0.086207 0.189655 0.327586 0.448276 0.534483 0.672414 0.775862 0.913793 0.931034 0.931034 1.000000 
0.008403 0.016807 0.042017 0.134454 0.294118 0.462185 0.596639 0.815126 0.907563 0.974790 0.991597 1.000000 1.000000 1.000000 1.000000 1.000000 1.000000 1.000000 1.000000 1.000000 
0.000000 0.000000 0.000000 0.000000 0.000000 0.000000 0.000000 0.000000 0.000000 0.000000 0.000000 0.018182 0.090909 0.254545 0.418182 0.618182 0.763636 0.800000 0.909091 1.000000 
0.008403 0.016807 0.058824 0.168067 0.344538 0.537815 0.705882 0.840336 0.915966 0.949580 0.966387 0.991597 1.000000 1.000000 1.000000 1.000000 1.000000 1.000000 1.000000 1.000000 
0.000000 0.000000 0.000000 0.000000 0.000000 0.000000 0.000000 0.000000 0.000000 0.018182 0.054545 0.163636 0.290909 0.436364 0.581818 0.709091 0.818182 0.963636 0.981818 1.000000 
0.008403 0.025210 0.025210 0.075630 0.151261 0.319328 0.504202 0.655462 0.798319 0.907563 0.949580 0.974790 0.991597 0.991597 1.000000 1.000000 1.000000 1.000000 1.000000 1.000000 
0.000000 0.000000 0.000000 0.000000 0.000000 0.000000 0.000000 0.000000 0.000000 0.000000 0.000000 0.090909 0.181818 0.272727 0.436364 0.545455 0.690909 0.836364 0.890909 1.000000 
0.008403 0.033613 0.050420 0.151261 0.218487 0.336134 0.478992 0.663866 0.781513 0.924370 0.974790 0.991597 0.991597 0.991597 0.991597 0.991597 1.000000 1.000000 1.000000 1.000000 
0.000000 0.000000 0.000000 0.000000 0.000000 0.000000 0.000000 0.000000 0.000000 0.000000 0.018182 0.054545 0.181818 0.327273 0.436364 0.563636 0.745455 0.836364 0.909091 1.000000 
0.008403 0.008403 0.084034 0.218487 0.327731 0.563025 0.747899 0.857143 0.932773 0.983193 0.991597 1.000000 1.000000 1.000000 1.000000 1.000000 1.000000 1.000000 1.000000 1.000000 
0.000000 0.000000 0.000000 0.000000 0.000000 0.000000 0.000000 0.000000 0.000000 0.018182 0.018182 0.163636 0.272727 0.418182 0.563636 0.709091 0.818182 0.927273 0.981818 1.000000 
0.008403 0.016807 0.058824 0.100840 0.151261 0.277311 0.411765 0.571429 0.705882 0.840336 0.899160 0.949580 0.983193 1.000000 1.000000 1.000000 1.000000 1.000000 1.000000 1.000000 
0.000000 0.000000 0.000000 0.000000 0.000000 0.000000 0.000000 0.054545 0.090909 0.181818 0.327273 0.418182 0.509091 0.600000 0.618182 0.763636 0.836364 0.872727 0.927273 1.000000 
0.008000 0.008000 0.024000 0.096000 0.224000 0.408000 0.640000 0.816000 0.960000 0.976000 0.992000 1.000000 1.000000 1.000000 1.000000 1.000000 1.000000 1.000000 1.000000 1.000000 
0.000000 0.000000 0.000000 0.000000 0.000000 0.000000 0.000000 0.000000 0.020408 0.061224 0.163265 0.285714 0.428571 0.551020 0.714286 0.836735 0.877551 0.959184 0.979592 1.000000 
0.008621 0.025862 0.206897 0.353448 0.577586 0.741379 0.862069 0.956897 0.974138 0.991379 1.000000 1.000000 1.000000 1.000000 1.000000 1.000000 1.000000 1.000000 1.000000 1.000000 
0.000000 0.000000 0.000000 0.000000 0.000000 0.000000 0.000000 0.000000 0.000000 0.034483 0.068966 0.189655 0.362069 0.482759 0.689655 0.793103 0.913793 0.965517 0.982759 1.000000 
0.008403 0.025210 0.042017 0.075630 0.193277 0.361345 0.537815 0.647059 0.815126 0.924370 0.974790 0.983193 0.991597 1.000000 1.000000 1.000000 1.000000 1.000000 1.000000 1.000000 
0.000000 0.000000 0.000000 0.000000 0.000000 0.000000 0.000000 0.000000 0.000000 0.018182 0.054545 0.127273 0.254545 0.363636 0.454545 0.581818 0.727273 0.836364 0.909091 1.000000 
0.008403 0.025210 0.075630 0.159664 0.344538 0.546218 0.697479 0.857143 0.949580 0.983193 0.991597 0.991597 0.991597 1.000000 1.000000 1.000000 1.000000 1.000000 1.000000 1.000000 
0.000000 0.000000 0.000000 0.000000 0.000000 0.000000 0.000000 0.000000 0.000000 0.000000 0.018182 0.072727 0.145455 0.272727 0.381818 0.509091 0.654545 0.781818 0.909091 1.000000 
0.008621 0.025862 0.060345 0.112069 0.318966 0.500000 0.637931 0.827586 0.939655 0.956897 0.974138 0.991379 1.000000 1.000000 1.000000 1.000000 1.000000 1.000000 1.000000 1.000000 
0.000000 0.000000 0.000000 0.000000 0.000000 0.000000 0.000000 0.000000 0.017241 0.051724 0.103448 0.241379 0.379310 0.551724 0.689655 0.758621 0.896552 0.931034 0.948276 1.000000 
0.008000 0.008000 0.024000 0.064000 0.080000 0.208000 0.368000 0.512000 0.576000 0.680000 0.816000 0.896000 0.992000 1.000000 1.000000 1.000000 1.000000 1.000000 1.000000 1.000000 
0.000000 0.000000 0.000000 0.000000 0.000000 0.000000 0.000000 0.000000 0.000000 0.000000 0.000000 0.000000 0.061224 0.142857 0.346939 0.632653 0.795918 0.938776 0.959184 1.000000 
0.008000 0.008000 0.072000 0.184000 0.320000 0.568000 0.768000 0.912000 0.960000 0.984000 0.992000 1.000000 1.000000 1.000000 1.000000 1.000000 1.000000 1.000000 1.000000 1.000000 
0.000000 0.000000 0.000000 0.000000 0.000000 0.000000 0.000000 0.000000 0.020408 0.061224 0.244898 0.306122 0.510204 0.612245 0.734694 0.836735 0.938776 0.959184 0.979592 1.000000 
0.008621 0.034483 0.129310 0.267241 0.508621 0.724138 0.836207 0.922414 0.974138 0.982759 0.991379 1.000000 1.000000 1.000000 1.000000 1.000000 1.000000 1.000000 1.000000 1.000000 
0.000000 0.000000 0.000000 0.000000 0.000000 0.000000 0.000000 0.000000 0.000000 0.068966 0.155172 0.293103 0.379310 0.517241 0.637931 0.775862 0.862069 0.931034 0.965517 1.000000 
0.008403 0.025210 0.067227 0.117647 0.252101 0.453782 0.630252 0.764706 0.873950 0.932773 0.974790 0.991597 0.991597 1.000000 1.000000 1.000000 1.000000 1.000000 1.000000 1.000000 
0.000000 0.000000 0.000000 0.000000 0.000000 0.000000 0.000000 0.000000 0.000000 0.018182 0.018182 0.145455 0.272727 0.400000 0.472727 0.672727 0.818182 0.927273 0.981818 1.000000 
0.008000 0.024000 0.088000 0.184000 0.312000 0.568000 0.760000 0.880000 0.968000 0.984000 0.992000 1.000000 1.000000 1.000000 1.000000 1.000000 1.000000 1.000000 1.000000 1.000000 
0.000000 0.000000 0.000000 0.000000 0.000000 0.000000 0.000000 0.000000 0.000000 0.000000 0.020408 0.183673 0.285714 0.448980 0.632653 0.755102 0.877551 0.938776 0.959184 1.000000 
0.008000 0.016000 0.072000 0.216000 0.352000 0.624000 0.816000 0.952000 0.984000 1.000000 1.000000 1.000000 1.000000 1.000000 1.000000 1.000000 1.000000 1.000000 1.000000 1.000000 
0.000000 0.000000 0.000000 0.000000 0.000000 0.000000 0.000000 0.000000 0.020408 0.061224 0.183673 0.285714 0.428571 0.551020 0.755102 0.857143 0.918367 0.959184 0.979592 1.000000 
0.008403 0.033613 0.134454 0.268908 0.394958 0.529412 0.621849 0.773109 0.899160 0.941176 0.991597 1.000000 1.000000 1.000000 1.000000 1.000000 1.000000 1.000000 1.000000 1.000000 
0.000000 0.000000 0.000000 0.000000 0.000000 0.000000 0.000000 0.000000 0.000000 0.000000 0.018182 0.036364 0.181818 0.327273 0.454545 0.581818 0.745455 0.872727 0.981818 1.000000 
0.008621 0.025862 0.120690 0.336207 0.586207 0.750000 0.905172 0.931034 0.956897 0.982759 0.991379 1.000000 1.000000 1.000000 1.000000 1.000000 1.000000 1.000000 1.000000 1.000000 
0.000000 0.000000 0.000000 0.000000 0.000000 0.000000 0.000000 0.000000 0.017241 0.017241 0.051724 0.224138 0.344828 0.517241 0.620690 0.775862 0.913793 0.948276 0.982759 1.000000 
0.008621 0.008621 0.077586 0.258621 0.370690 0.560345 0.724138 0.827586 0.939655 0.956897 0.982759 1.000000 1.000000 1.000000 1.000000 1.000000 1.000000 1.000000 1.000000 1.000000 
0.000000 0.000000 0.000000 0.000000 0.000000 0.000000 0.000000 0.000000 0.000000 0.000000 0.017241 0.068966 0.241379 0.379310 0.568966 0.637931 0.793103 0.913793 0.931034 1.000000 
0.008403 0.016807 0.033613 0.084034 0.168067 0.327731 0.537815 0.647059 0.806723 0.915966 0.983193 1.000000 1.000000 1.000000 1.000000 1.000000 1.000000 1.000000 1.000000 1.000000 
0.000000 0.000000 0.000000 0.000000 0.000000 0.000000 0.000000 0.000000 0.000000 0.000000 0.000000 0.000000 0.018182 0.163636 0.363636 0.472727 0.654545 0.800000 0.872727 1.000000 
0.008403 0.016807 0.016807 0.058824 0.184874 0.310924 0.504202 0.655462 0.823529 0.932773 0.949580 0.991597 0.991597 1.000000 1.000000 1.000000 1.000000 1.000000 1.000000 1.000000 
0.000000 0.000000 0.000000 0.000000 0.000000 0.000000 0.000000 0.000000 0.000000 0.018182 0.018182 0.072727 0.236364 0.400000 0.436364 0.618182 0.709091 0.836364 0.927273 1.000000 
0.008403 0.025210 0.050420 0.142857 0.226891 0.403361 0.588235 0.798319 0.882353 0.957983 0.983193 1.000000 1.000000 1.000000 1.000000 1.000000 1.000000 1.000000 1.000000 1.000000 
0.000000 0.000000 0.000000 0.000000 0.000000 0.000000 0.000000 0.000000 0.000000 0.000000 0.018182 0.090909 0.218182 0.418182 0.436364 0.618182 0.709091 0.872727 0.945455 1.000000 
0.008000 0.032000 0.048000 0.056000 0.104000 0.208000 0.408000 0.584000 0.768000 0.912000 0.968000 0.992000 0.992000 1.000000 1.000000 1.000000 1.000000 1.000000 1.000000 1.000000 
0.000000 0.000000 0.000000 0.000000 0.000000 0.000000 0.000000 0.000000 0.000000 0.000000 0.000000 0.040816 0.204082 0.326531 0.571429 0.714286 0.836735 0.938776 0.979592 1.000000 
0.008403 0.025210 0.092437 0.260504 0.378151 0.504202 0.705882 0.823529 0.907563 0.966387 0.991597 1.000000 1.000000 1.000000 1.000000 1.000000 1.000000 1.000000 1.000000 1.000000 
0.000000 0.000000 0.000000 0.000000 0.000000 0.000000 0.000000 0.000000 0.000000 0.000000 0.018182 0.036364 0.181818 0.309091 0.472727 0.654545 0.763636 0.909091 0.963636 1.000000 
0.008403 0.008403 0.067227 0.210084 0.386555 0.504202 0.689076 0.865546 0.932773 0.983193 1.000000 1.000000 1.000000 1.000000 1.000000 1.000000 1.000000 1.000000 1.000000 1.000000 
0.000000 0.000000 0.000000 0.000000 0.000000 0.000000 0.000000 0.000000 0.000000 0.000000 0.018182 0.036364 0.163636 0.345455 0.436364 0.636364 0.763636 0.890909 0.981818 1.000000 
0.008403 0.008403 0.025210 0.075630 0.168067 0.302521 0.495798 0.655462 0.840336 0.949580 1.000000 1.000000 1.000000 1.000000 1.000000 1.000000 1.000000 1.000000 1.000000 1.000000 
0.000000 0.000000 0.000000 0.000000 0.000000 0.000000 0.000000 0.000000 0.000000 0.000000 0.000000 0.018182 0.072727 0.254545 0.400000 0.600000 0.690909 0.854545 0.872727 1.000000 
0.008621 0.034483 0.146552 0.206897 0.387931 0.560345 0.706897 0.810345 0.905172 0.948276 0.982759 1.000000 1.000000 1.000000 1.000000 1.000000 1.000000 1.000000 1.000000 1.000000 
0.000000 0.000000 0.000000 0.000000 0.000000 0.000000 0.000000 0.000000 0.000000 0.000000 0.017241 0.068966 0.241379 0.344828 0.586207 0.706897 0.879310 0.965517 0.982759 1.000000 
0.008000 0.024000 0.200000 0.328000 0.496000 0.656000 0.752000 0.880000 0.968000 0.992000 1.000000 1.000000 1.000000 1.000000 1.000000 1.000000 1.000000 1.000000 1.000000 1.000000 
0.000000 0.000000 0.000000 0.000000 0.000000 0.000000 0.000000 0.000000 0.000000 0.000000 0.000000 0.040816 0.244898 0.367347 0.530612 0.734694 0.877551 0.959184 0.979592 1.000000 
0.008000 0.016000 0.096000 0.272000 0.536000 0.752000 0.904000 0.960000 0.992000 1.000000 1.000000 1.000000 1.000000 1.000000 1.000000 1.000000 1.000000 1.000000 1.000000 1.000000 
0.000000 0.000000 0.000000 0.000000 0.000000 0.000000 0.000000 0.000000 0.000000 0.020408 0.122449 0.285714 0.367347 0.551020 0.714286 0.857143 0.918367 0.959184 0.979592 1.000000 
0.008000 0.016000 0.064000 0.208000 0.424000 0.656000 0.856000 0.960000 0.976000 1.000000 1.000000 1.000000 1.000000 1.000000 1.000000 1.000000 1.000000 1.000000 1.000000 1.000000 
0.000000 0.000000 0.000000 0.000000 0.000000 0.000000 0.000000 0.000000 0.000000 0.000000 0.061224 0.183673 0.306122 0.469388 0.734694 0.816327 0.918367 0.959184 0.979592 1.000000 
0.008000 0.008000 0.048000 0.192000 0.440000 0.608000 0.712000 0.848000 0.952000 0.984000 1.000000 1.000000 1.000000 1.000000 1.000000 1.000000 1.000000 1.000000 1.000000 1.000000 
0.000000 0.000000 0.000000 0.000000 0.000000 0.000000 0.000000 0.000000 0.000000 0.000000 0.000000 0.142857 0.265306 0.428571 0.632653 0.795918 0.877551 0.959184 0.979592 1.000000 
0.008621 0.017241 0.077586 0.172414 0.250000 0.344828 0.508621 0.646552 0.767241 0.931034 0.965517 0.991379 1.000000 1.000000 1.000000 1.000000 1.000000 1.000000 1.000000 1.000000 
0.000000 0.000000 0.000000 0.000000 0.000000 0.000000 0.000000 0.000000 0.000000 0.000000 0.000000 0.034483 0.103448 0.172414 0.344828 0.689655 0.775862 0.948276 0.965517 1.000000 
0.008403 0.025210 0.050420 0.142857 0.252101 0.411765 0.554622 0.714286 0.831933 0.932773 0.966387 1.000000 1.000000 1.000000 1.000000 1.000000 1.000000 1.000000 1.000000 1.000000 
0.000000 0.000000 0.000000 0.000000 0.000000 0.000000 0.000000 0.000000 0.000000 0.018182 0.036364 0.127273 0.345455 0.436364 0.563636 0.690909 0.800000 0.890909 0.963636 1.000000 
0.008403 0.042017 0.092437 0.260504 0.336134 0.495798 0.714286 0.840336 0.957983 0.983193 0.991597 1.000000 1.000000 1.000000 1.000000 1.000000 1.000000 1.000000 1.000000 1.000000 
0.000000 0.000000 0.000000 0.000000 0.000000 0.000000 0.000000 0.000000 0.000000 0.000000 0.018182 0.018182 0.072727 0.290909 0.418182 0.600000 0.727273 0.818182 0.945455 1.000000 
0.008000 0.072000 0.160000 0.280000 0.528000 0.784000 0.912000 0.992000 1.000000 1.000000 1.000000 1.000000 1.000000 1.000000 1.000000 1.000000 1.000000 1.000000 1.000000 1.000000 
0.000000 0.000000 0.000000 0.000000 0.000000 0.000000 0.000000 0.000000 0.020408 0.081633 0.244898 0.326531 0.448980 0.653061 0.816327 0.857143 0.938776 0.959184 0.979592 1.000000 
0.008403 0.075630 0.168067 0.344538 0.504202 0.705882 0.831933 0.957983 0.974790 0.991597 0.991597 0.991597 1.000000 1.000000 1.000000 1.000000 1.000000 1.000000 1.000000 1.000000 
0.000000 0.000000 0.000000 0.000000 0.000000 0.000000 0.000000 0.000000 0.000000 0.000000 0.018182 0.036364 0.181818 0.290909 0.400000 0.509091 0.690909 0.800000 0.890909 1.000000 
0.008000 0.056000 0.120000 0.224000 0.328000 0.456000 0.632000 0.744000 0.872000 0.936000 0.952000 1.000000 1.000000 1.000000 1.000000 1.000000 1.000000 1.000000 1.000000 1.000000 
0.000000 0.000000 0.000000 0.000000 0.000000 0.000000 0.000000 0.040816 0.102041 0.204082 0.285714 0.408163 0.469388 0.551020 0.693878 0.795918 0.897959 0.938776 0.959184 1.000000 
0.008403 0.109244 0.277311 0.386555 0.537815 0.621849 0.798319 0.915966 0.974790 0.991597 1.000000 1.000000 1.000000 1.000000 1.000000 1.000000 1.000000 1.000000 1.000000 1.000000 
0.000000 0.000000 0.000000 0.000000 0.000000 0.000000 0.000000 0.000000 0.018182 0.018182 0.072727 0.200000 0.327273 0.472727 0.581818 0.745455 0.872727 0.963636 0.981818 1.000000 
0.008403 0.084034 0.193277 0.369748 0.495798 0.689076 0.848739 0.932773 0.974790 0.991597 0.991597 1.000000 1.000000 1.000000 1.000000 1.000000 1.000000 1.000000 1.000000 1.000000 
0.000000 0.000000 0.000000 0.000000 0.000000 0.000000 0.000000 0.000000 0.000000 0.018182 0.036364 0.145455 0.290909 0.418182 0.527273 0.654545 0.818182 0.890909 0.981818 1.000000 
0.008403 0.058824 0.109244 0.268908 0.453782 0.689076 0.848739 0.924370 0.966387 0.991597 0.991597 1.000000 1.000000 1.000000 1.000000 1.000000 1.000000 1.000000 1.000000 1.000000 
0.000000 0.000000 0.000000 0.000000 0.000000 0.000000 0.000000 0.000000 0.000000 0.000000 0.018182 0.018182 0.145455 0.290909 0.418182 0.600000 0.727273 0.818182 0.909091 1.000000 
0.008403 0.008403 0.016807 0.109244 0.235294 0.352941 0.554622 0.714286 0.815126 0.907563 0.974790 0.983193 0.991597 0.991597 0.991597 1.000000 1.000000 1.000000 1.000000 1.000000 
0.000000 0.000000 0.000000 0.000000 0.000000 0.000000 0.000000 0.000000 0.036364 0.054545 0.072727 0.218182 0.327273 0.363636 0.454545 0.636364 0.727273 0.836364 0.890909 1.000000 
0.008403 0.067227 0.159664 0.344538 0.537815 0.731092 0.840336 0.907563 0.966387 0.983193 0.991597 0.991597 1.000000 1.000000 1.000000 1.000000 1.000000 1.000000 1.000000 1.000000 
0.000000 0.000000 0.000000 0.000000 0.000000 0.000000 0.000000 0.000000 0.000000 0.000000 0.018182 0.127273 0.236364 0.327273 0.472727 0.563636 0.763636 0.854545 0.945455 1.000000 
0.008403 0.042017 0.084034 0.210084 0.394958 0.579832 0.764706 0.865546 0.941176 0.974790 0.991597 1.000000 1.000000 1.000000 1.000000 1.000000 1.000000 1.000000 1.000000 1.000000 
0.000000 0.000000 0.000000 0.000000 0.000000 0.000000 0.000000 0.000000 0.000000 0.018182 0.054545 0.181818 0.290909 0.436364 0.618182 0.709091 0.818182 0.963636 0.981818 1.000000 
0.008621 0.025862 0.094828 0.293103 0.508621 0.706897 0.827586 0.905172 0.965517 0.991379 1.000000 1.000000 1.000000 1.000000 1.000000 1.000000 1.000000 1.000000 1.000000 1.000000 
0.000000 0.000000 0.000000 0.000000 0.000000 0.000000 0.000000 0.000000 0.000000 0.017241 0.103448 0.206897 0.362069 0.482759 0.620690 0.758621 0.879310 0.965517 0.965517 1.000000 
0.008000 0.080000 0.184000 0.384000 0.632000 0.832000 0.928000 0.968000 0.984000 0.992000 1.000000 1.000000 1.000000 1.000000 1.000000 1.000000 1.000000 1.000000 1.000000 1.000000 
0.000000 0.000000 0.000000 0.000000 0.000000 0.000000 0.000000 0.000000 0.000000 0.000000 0.061224 0.244898 0.346939 0.510204 0.632653 0.775510 0.897959 0.959184 0.959184 1.000000 
0.008621 0.008621 0.051724 0.146552 0.336207 0.551724 0.689655 0.853448 0.931034 0.956897 0.982759 0.991379 1.000000 1.000000 1.000000 1.000000 1.000000 1.000000 1.000000 1.000000 
0.000000 0.000000 0.000000 0.000000 0.000000 0.000000 0.000000 0.000000 0.017241 0.051724 0.120690 0.293103 0.362069 0.551724 0.637931 0.793103 0.913793 0.948276 0.982759 1.000000 
0.008621 0.060345 0.198276 0.344828 0.560345 0.750000 0.879310 0.956897 0.982759 0.982759 0.991379 1.000000 1.000000 1.000000 1.000000 1.000000 1.000000 1.000000 1.000000 1.000000 
0.000000 0.000000 0.000000 0.000000 0.000000 0.000000 0.000000 0.000000 0.034483 0.068966 0.155172 0.293103 0.431034 0.586207 0.689655 0.862069 0.948276 0.948276 0.982759 1.000000 
0.008621 0.025862 0.086207 0.155172 0.362069 0.551724 0.767241 0.844828 0.939655 0.974138 0.982759 1.000000 1.000000 1.000000 1.000000 1.000000 1.000000 1.000000 1.000000 1.000000 
0.000000 0.000000 0.000000 0.000000 0.000000 0.000000 0.000000 0.000000 0.000000 0.017241 0.086207 0.172414 0.293103 0.465517 0.620690 0.724138 0.896552 0.931034 0.965517 1.000000 
0.008621 0.025862 0.181034 0.413793 0.646552 0.810345 0.905172 0.939655 0.965517 0.991379 0.991379 0.991379 1.000000 1.000000 1.000000 1.000000 1.000000 1.000000 1.000000 1.000000 
0.000000 0.000000 0.000000 0.000000 0.000000 0.000000 0.000000 0.000000 0.034483 0.103448 0.275862 0.327586 0.431034 0.568966 0.741379 0.810345 0.862069 0.965517 0.965517 1.000000 
0.008403 0.025210 0.084034 0.176471 0.369748 0.554622 0.739496 0.907563 0.957983 0.991597 0.991597 1.000000 1.000000 1.000000 1.000000 1.000000 1.000000 1.000000 1.000000 1.000000 
0.000000 0.000000 0.000000 0.000000 0.000000 0.000000 0.000000 0.000000 0.000000 0.000000 0.018182 0.036364 0.127273 0.290909 0.400000 0.509091 0.654545 0.781818 0.890909 1.000000 
0.008621 0.008621 0.043103 0.146552 0.362069 0.586207 0.689655 0.853448 0.922414 0.956897 0.991379 1.000000 1.000000 1.000000 1.000000 1.000000 1.000000 1.000000 1.000000 1.000000 
0.000000 0.000000 0.000000 0.000000 0.000000 0.000000 0.000000 0.000000 0.000000 0.000000 0.017241 0.103448 0.224138 0.379310 0.534483 0.689655 0.879310 0.931034 0.965517 1.000000 
0.008000 0.024000 0.064000 0.120000 0.272000 0.480000 0.728000 0.864000 0.952000 0.976000 0.992000 1.000000 1.000000 1.000000 1.000000 1.000000 1.000000 1.000000 1.000000 1.000000 
0.000000 0.000000 0.000000 0.000000 0.000000 0.000000 0.000000 0.000000 0.000000 0.000000 0.061224 0.183673 0.326531 0.489796 0.673469 0.755102 0.877551 0.938776 0.979592 1.000000 
0.008000 0.064000 0.144000 0.264000 0.456000 0.616000 0.800000 0.904000 0.984000 0.984000 0.992000 1.000000 1.000000 1.000000 1.000000 1.000000 1.000000 1.000000 1.000000 1.000000 
0.000000 0.000000 0.000000 0.000000 0.000000 0.000000 0.000000 0.000000 0.000000 0.020408 0.040816 0.224490 0.346939 0.510204 0.653061 0.775510 0.897959 0.959184 0.979592 1.000000 
0.008621 0.034483 0.206897 0.431034 0.620690 0.844828 0.913793 0.965517 0.974138 0.974138 0.991379 0.991379 1.000000 1.000000 1.000000 1.000000 1.000000 1.000000 1.000000 1.000000 
0.000000 0.000000 0.000000 0.000000 0.000000 0.000000 0.000000 0.000000 0.000000 0.034483 0.206897 0.275862 0.379310 0.551724 0.689655 0.758621 0.896552 0.948276 0.965517 1.000000 
0.008621 0.103448 0.215517 0.318966 0.517241 0.646552 0.827586 0.913793 0.948276 0.991379 0.991379 1.000000 1.000000 1.000000 1.000000 1.000000 1.000000 1.000000 1.000000 1.000000 
0.000000 0.000000 0.000000 0.000000 0.000000 0.000000 0.000000 0.000000 0.017241 0.068966 0.120690 0.224138 0.413793 0.568966 0.655172 0.758621 0.896552 0.913793 0.965517 1.000000 
0.008621 0.017241 0.051724 0.155172 0.224138 0.508621 0.732759 0.862069 0.948276 0.982759 1.000000 1.000000 1.000000 1.000000 1.000000 1.000000 1.000000 1.000000 1.000000 1.000000 
0.000000 0.000000 0.000000 0.000000 0.000000 0.000000 0.000000 0.000000 0.000000 0.000000 0.017241 0.017241 0.241379 0.413793 0.568966 0.689655 0.844828 0.965517 0.965517 1.000000 
0.008000 0.016000 0.064000 0.144000 0.256000 0.400000 0.600000 0.760000 0.864000 0.960000 0.992000 0.992000 1.000000 1.000000 1.000000 1.000000 1.000000 1.000000 1.000000 1.000000 
0.000000 0.000000 0.000000 0.000000 0.000000 0.000000 0.000000 0.000000 0.000000 0.000000 0.020408 0.081633 0.204082 0.448980 0.693878 0.775510 0.897959 0.979592 0.979592 1.000000 
0.008403 0.008403 0.042017 0.092437 0.184874 0.310924 0.529412 0.705882 0.806723 0.907563 0.966387 0.991597 1.000000 1.000000 1.000000 1.000000 1.000000 1.000000 1.000000 1.000000 
0.000000 0.000000 0.000000 0.000000 0.000000 0.000000 0.000000 0.018182 0.090909 0.181818 0.309091 0.436364 0.563636 0.690909 0.763636 0.836364 0.872727 0.909091 0.963636 1.000000 
0.008403 0.016807 0.092437 0.184874 0.294118 0.411765 0.495798 0.638655 0.739496 0.899160 0.974790 0.991597 1.000000 1.000000 1.000000 1.000000 1.000000 1.000000 1.000000 1.000000 
0.000000 0.000000 0.000000 0.000000 0.000000 0.000000 0.000000 0.000000 0.000000 0.000000 0.018182 0.036364 0.127273 0.272727 0.509091 0.600000 0.800000 0.836364 0.963636 1.000000 
0.008621 0.008621 0.043103 0.189655 0.379310 0.568966 0.715517 0.853448 0.948276 0.974138 1.000000 1.000000 1.000000 1.000000 1.000000 1.000000 1.000000 1.000000 1.000000 1.000000 
0.000000 0.000000 0.000000 0.000000 0.000000 0.000000 0.000000 0.000000 0.000000 0.000000 0.017241 0.051724 0.189655 0.413793 0.586207 0.724138 0.862069 0.965517 0.982759 1.000000 
0.008403 0.058824 0.117647 0.201681 0.327731 0.504202 0.638655 0.806723 0.899160 0.966387 1.000000 1.000000 1.000000 1.000000 1.000000 1.000000 1.000000 1.000000 1.000000 1.000000 
0.000000 0.000000 0.000000 0.000000 0.000000 0.000000 0.000000 0.000000 0.000000 0.000000 0.000000 0.018182 0.090909 0.236364 0.345455 0.527273 0.672727 0.781818 0.836364 1.000000 
0.008000 0.016000 0.048000 0.096000 0.224000 0.360000 0.568000 0.696000 0.784000 0.904000 0.952000 0.984000 0.992000 1.000000 1.000000 1.000000 1.000000 1.000000 1.000000 1.000000 
0.000000 0.000000 0.000000 0.000000 0.000000 0.000000 0.000000 0.000000 0.000000 0.000000 0.000000 0.040816 0.204082 0.367347 0.530612 0.693878 0.836735 0.877551 0.938776 1.000000 
0.008621 0.017241 0.077586 0.172414 0.310345 0.586207 0.732759 0.905172 0.974138 0.982759 1.000000 1.000000 1.000000 1.000000 1.000000 1.000000 1.000000 1.000000 1.000000 1.000000 
0.000000 0.000000 0.000000 0.000000 0.000000 0.000000 0.000000 0.000000 0.000000 0.017241 0.086207 0.189655 0.327586 0.482759 0.655172 0.775862 0.879310 0.965517 0.982759 1.000000 
0.008000 0.024000 0.056000 0.088000 0.248000 0.448000 0.680000 0.880000 0.968000 0.992000 0.992000 1.000000 1.000000 1.000000 1.000000 1.000000 1.000000 1.000000 1.000000 1.000000 
0.000000 0.000000 0.000000 0.000000 0.000000 0.000000 0.000000 0.000000 0.020408 0.061224 0.183673 0.285714 0.408163 0.551020 0.795918 0.836735 0.897959 0.938776 0.959184 1.000000 
0.008403 0.025210 0.075630 0.201681 0.302521 0.411765 0.529412 0.705882 0.848739 0.949580 0.957983 0.991597 1.000000 1.000000 1.000000 1.000000 1.000000 1.000000 1.000000 1.000000 
0.000000 0.000000 0.000000 0.000000 0.000000 0.000000 0.000000 0.000000 0.000000 0.000000 0.000000 0.018182 0.036364 0.163636 0.345455 0.527273 0.727273 0.800000 0.909091 1.000000 
0.008000 0.048000 0.192000 0.384000 0.512000 0.656000 0.736000 0.864000 0.944000 0.976000 1.000000 1.000000 1.000000 1.000000 1.000000 1.000000 1.000000 1.000000 1.000000 1.000000 
0.000000 0.000000 0.000000 0.000000 0.000000 0.000000 0.000000 0.000000 0.000000 0.000000 0.000000 0.040816 0.204082 0.346939 0.530612 0.673469 0.897959 0.959184 0.979592 1.000000 
0.008000 0.056000 0.144000 0.288000 0.472000 0.616000 0.768000 0.880000 0.960000 0.992000 1.000000 1.000000 1.000000 1.000000 1.000000 1.000000 1.000000 1.000000 1.000000 1.000000 
0.000000 0.000000 0.000000 0.000000 0.000000 0.000000 0.000000 0.000000 0.000000 0.000000 0.000000 0.020408 0.204082 0.346939 0.489796 0.673469 0.857143 0.959184 0.979592 1.000000 
0.008000 0.040000 0.152000 0.344000 0.512000 0.720000 0.888000 0.960000 0.984000 1.000000 1.000000 1.000000 1.000000 1.000000 1.000000 1.000000 1.000000 1.000000 1.000000 1.000000 
0.000000 0.000000 0.000000 0.000000 0.000000 0.000000 0.000000 0.000000 0.000000 0.000000 0.000000 0.163265 0.326531 0.408163 0.612245 0.795918 0.897959 0.959184 0.979592 1.000000 
0.008403 0.016807 0.067227 0.142857 0.310924 0.470588 0.655462 0.739496 0.857143 0.932773 0.991597 1.000000 1.000000 1.000000 1.000000 1.000000 1.000000 1.000000 1.000000 1.000000 
0.000000 0.000000 0.000000 0.000000 0.000000 0.000000 0.000000 0.000000 0.000000 0.018182 0.036364 0.109091 0.290909 0.472727 0.581818 0.727273 0.781818 0.909091 0.963636 1.000000 
0.008621 0.017241 0.068966 0.206897 0.362069 0.508621 0.663793 0.818966 0.887931 0.965517 1.000000 1.000000 1.000000 1.000000 1.000000 1.000000 1.000000 1.000000 1.000000 1.000000 
0.000000 0.000000 0.000000 0.000000 0.000000 0.000000 0.000000 0.000000 0.000000 0.000000 0.017241 0.103448 0.206897 0.396552 0.586207 0.706897 0.827586 0.931034 0.965517 1.000000 
0.008000 0.024000 0.064000 0.160000 0.416000 0.680000 0.856000 0.952000 0.984000 0.992000 0.992000 1.000000 1.000000 1.000000 1.000000 1.000000 1.000000 1.000000 1.000000 1.000000 
0.000000 0.000000 0.000000 0.000000 0.000000 0.000000 0.000000 0.000000 0.000000 0.142857 0.224490 0.306122 0.489796 0.612245 0.755102 0.857143 0.938776 0.959184 0.979592 1.000000 
0.008621 0.034483 0.163793 0.267241 0.422414 0.620690 0.758621 0.844828 0.913793 0.948276 0.982759 0.991379 0.991379 1.000000 1.000000 1.000000 1.000000 1.000000 1.000000 1.000000 
0.000000 0.000000 0.000000 0.000000 0.000000 0.000000 0.017241 0.051724 0.086207 0.172414 0.275862 0.413793 0.500000 0.655172 0.741379 0.827586 0.896552 0.948276 0.965517 1.000000 
0.008621 0.017241 0.112069 0.206897 0.413793 0.612069 0.793103 0.870690 0.913793 0.974138 0.982759 0.991379 0.991379 0.991379 1.000000 1.000000 1.000000 1.000000 1.000000 1.000000 
0.000000 0.000000 0.000000 0.000000 0.000000 0.000000 0.000000 0.000000 0.017241 0.017241 0.137931 0.275862 0.396552 0.517241 0.672414 0.741379 0.844828 0.948276 0.982759 1.000000 
0.008621 0.008621 0.068966 0.224138 0.396552 0.681034 0.784483 0.862069 0.956897 0.974138 0.991379 1.000000 1.000000 1.000000 1.000000 1.000000 1.000000 1.000000 1.000000 1.000000 
0.000000 0.000000 0.000000 0.000000 0.000000 0.000000 0.000000 0.000000 0.000000 0.017241 0.051724 0.172414 0.344828 0.465517 0.655172 0.706897 0.913793 0.931034 0.982759 1.000000 
0.008621 0.068966 0.163793 0.293103 0.456897 0.577586 0.655172 0.784483 0.862069 0.948276 0.991379 1.000000 1.000000 1.000000 1.000000 1.000000 1.000000 1.000000 1.000000 1.000000 
0.000000 0.000000 0.000000 0.000000 0.000000 0.000000 0.000000 0.000000 0.000000 0.000000 0.000000 0.017241 0.137931 0.327586 0.551724 0.637931 0.827586 0.913793 0.982759 1.000000 
0.008403 0.008403 0.042017 0.126050 0.268908 0.420168 0.596639 0.731092 0.873950 0.941176 0.966387 0.991597 0.991597 0.991597 1.000000 1.000000 1.000000 1.000000 1.000000 1.000000 
0.000000 0.000000 0.000000 0.000000 0.000000 0.000000 0.000000 0.000000 0.000000 0.018182 0.072727 0.236364 0.327273 0.381818 0.472727 0.672727 0.781818 0.872727 0.945455 1.000000 
0.008621 0.086207 0.232759 0.491379 0.698276 0.801724 0.931034 0.939655 0.965517 0.991379 0.991379 1.000000 1.000000 1.000000 1.000000 1.000000 1.000000 1.000000 1.000000 1.000000 
0.000000 0.000000 0.000000 0.000000 0.000000 0.000000 0.000000 0.017241 0.017241 0.051724 0.120690 0.310345 0.413793 0.534483 0.689655 0.793103 0.913793 0.931034 0.982759 1.000000 
0.008000 0.008000 0.008000 0.056000 0.184000 0.344000 0.584000 0.800000 0.920000 0.984000 1.000000 1.000000 1.000000 1.000000 1.000000 1.000000 1.000000 1.000000 1.000000 1.000000 
0.000000 0.000000 0.000000 0.000000 0.000000 0.000000 0.000000 0.000000 0.000000 0.000000 0.040816 0.183673 0.306122 0.469388 0.693878 0.775510 0.897959 0.959184 0.959184 1.000000 
0.008000 0.048000 0.152000 0.472000 0.744000 0.888000 0.968000 0.976000 0.992000 1.000000 1.000000 1.000000 1.000000 1.000000 1.000000 1.000000 1.000000 1.000000 1.000000 1.000000 
0.000000 0.000000 0.000000 0.000000 0.000000 0.000000 0.000000 0.000000 0.000000 0.020408 0.183673 0.306122 0.469388 0.551020 0.755102 0.836735 0.938776 0.959184 0.979592 1.000000 
0.008621 0.008621 0.034483 0.103448 0.181034 0.293103 0.405172 0.646552 0.827586 0.939655 0.956897 1.000000 1.000000 1.000000 1.000000 1.000000 1.000000 1.000000 1.000000 1.000000 
0.000000 0.000000 0.000000 0.000000 0.000000 0.000000 0.000000 0.000000 0.000000 0.000000 0.000000 0.017241 0.137931 0.275862 0.482759 0.637931 0.775862 0.931034 0.982759 1.000000 
0.008000 0.032000 0.104000 0.248000 0.376000 0.520000 0.624000 0.800000 0.928000 0.976000 0.992000 1.000000 1.000000 1.000000 1.000000 1.000000 1.000000 1.000000 1.000000 1.000000 
0.000000 0.000000 0.000000 0.000000 0.000000 0.000000 0.000000 0.000000 0.000000 0.000000 0.000000 0.020408 0.163265 0.326531 0.530612 0.591837 0.877551 0.959184 0.979592 1.000000 
0.008403 0.016807 0.050420 0.109244 0.210084 0.327731 0.428571 0.554622 0.655462 0.773109 0.882353 0.932773 0.983193 0.991597 0.991597 0.991597 1.000000 1.000000 1.000000 1.000000 
0.000000 0.000000 0.000000 0.000000 0.000000 0.000000 0.000000 0.000000 0.000000 0.000000 0.072727 0.090909 0.236364 0.381818 0.436364 0.545455 0.672727 0.818182 0.890909 1.000000 
0.008621 0.017241 0.086207 0.206897 0.344828 0.560345 0.732759 0.853448 0.931034 0.948276 0.991379 0.991379 0.991379 1.000000 1.000000 1.000000 1.000000 1.000000 1.000000 1.000000 
0.000000 0.000000 0.000000 0.000000 0.000000 0.000000 0.000000 0.000000 0.000000 0.000000 0.017241 0.155172 0.310345 0.431034 0.620690 0.741379 0.896552 0.965517 0.982759 1.000000 
0.008621 0.008621 0.017241 0.112069 0.224138 0.353448 0.629310 0.810345 0.939655 0.974138 1.000000 1.000000 1.000000 1.000000 1.000000 1.000000 1.000000 1.000000 1.000000 1.000000 
0.000000 0.000000 0.000000 0.000000 0.000000 0.000000 0.000000 0.000000 0.000000 0.017241 0.068966 0.224138 0.413793 0.500000 0.672414 0.810345 0.879310 0.965517 0.982759 1.000000 
0.008000 0.024000 0.040000 0.088000 0.184000 0.328000 0.512000 0.680000 0.840000 0.936000 0.976000 1.000000 1.000000 1.000000 1.000000 1.000000 1.000000 1.000000 1.000000 1.000000 
0.000000 0.000000 0.000000 0.000000 0.000000 0.000000 0.000000 0.000000 0.000000 0.081633 0.224490 0.346939 0.469388 0.653061 0.734694 0.775510 0.918367 0.959184 0.959184 1.000000 
0.008621 0.017241 0.060345 0.112069 0.267241 0.370690 0.525862 0.689655 0.870690 0.931034 0.974138 0.982759 0.991379 0.991379 1.000000 1.000000 1.000000 1.000000 1.000000 1.000000 
0.000000 0.000000 0.000000 0.000000 0.000000 0.000000 0.000000 0.017241 0.086207 0.137931 0.258621 0.327586 0.482759 0.603448 0.706897 0.827586 0.913793 0.965517 0.982759 1.000000 
0.008000 0.128000 0.200000 0.280000 0.400000 0.592000 0.768000 0.872000 0.968000 0.984000 1.000000 1.000000 1.000000 1.000000 1.000000 1.000000 1.000000 1.000000 1.000000 1.000000 
0.000000 0.000000 0.000000 0.000000 0.000000 0.000000 0.000000 0.000000 0.020408 0.040816 0.122449 0.306122 0.387755 0.469388 0.632653 0.734694 0.836735 0.877551 0.938776 1.000000 
0.008621 0.025862 0.068966 0.137931 0.370690 0.586207 0.750000 0.870690 0.965517 0.965517 0.991379 0.991379 1.000000 1.000000 1.000000 1.000000 1.000000 1.000000 1.000000 1.000000 
0.000000 0.000000 0.000000 0.000000 0.000000 0.000000 0.000000 0.000000 0.017241 0.034483 0.155172 0.258621 0.413793 0.500000 0.689655 0.775862 0.862069 0.965517 0.982759 1.000000 
0.008000 0.016000 0.056000 0.120000 0.240000 0.448000 0.696000 0.856000 0.968000 0.984000 1.000000 1.000000 1.000000 1.000000 1.000000 1.000000 1.000000 1.000000 1.000000 1.000000 
0.000000 0.000000 0.000000 0.000000 0.000000 0.000000 0.000000 0.000000 0.020408 0.061224 0.183673 0.285714 0.448980 0.632653 0.775510 0.857143 0.897959 0.959184 0.959184 1.000000 
0.008621 0.008621 0.051724 0.112069 0.250000 0.422414 0.603448 0.750000 0.862069 0.974138 0.991379 1.000000 1.000000 1.000000 1.000000 1.000000 1.000000 1.000000 1.000000 1.000000 
0.000000 0.000000 0.000000 0.000000 0.000000 0.000000 0.000000 0.000000 0.000000 0.017241 0.017241 0.103448 0.293103 0.431034 0.586207 0.706897 0.879310 0.931034 0.931034 1.000000 
0.008621 0.043103 0.086207 0.155172 0.284483 0.448276 0.663793 0.818966 0.896552 0.974138 0.982759 1.000000 1.000000 1.000000 1.000000 1.000000 1.000000 1.000000 1.000000 1.000000 
0.000000 0.000000 0.000000 0.000000 0.000000 0.000000 0.000000 0.017241 0.034483 0.103448 0.206897 0.379310 0.482759 0.620690 0.758621 0.844828 0.913793 0.965517 0.965517 1.000000 
0.008621 0.008621 0.008621 0.008621 0.060345 0.215517 0.465517 0.612069 0.741379 0.896552 0.922414 0.974138 0.982759 0.991379 0.991379 1.000000 1.000000 1.000000 1.000000 1.000000 
0.000000 0.000000 0.000000 0.000000 0.000000 0.000000 0.000000 0.000000 0.000000 0.051724 0.103448 0.241379 0.362069 0.465517 0.620690 0.758621 0.827586 0.931034 0.965517 1.000000 
0.008621 0.034483 0.094828 0.198276 0.310345 0.482759 0.724138 0.862069 0.931034 0.974138 0.982759 0.991379 1.000000 1.000000 1.000000 1.000000 1.000000 1.000000 1.000000 1.000000 
0.000000 0.000000 0.000000 0.000000 0.000000 0.000000 0.000000 0.000000 0.000000 0.000000 0.051724 0.224138 0.344828 0.500000 0.637931 0.758621 0.896552 0.965517 0.982759 1.000000 
0.008403 0.033613 0.109244 0.260504 0.403361 0.638655 0.848739 0.915966 0.949580 0.983193 0.991597 1.000000 1.000000 1.000000 1.000000 1.000000 1.000000 1.000000 1.000000 1.000000 
0.000000 0.000000 0.000000 0.000000 0.000000 0.000000 0.000000 0.000000 0.000000 0.018182 0.018182 0.054545 0.218182 0.290909 0.454545 0.581818 0.727273 0.854545 0.945455 1.000000 
0.008403 0.008403 0.067227 0.151261 0.310924 0.453782 0.638655 0.756303 0.907563 0.949580 0.966387 1.000000 1.000000 1.000000 1.000000 1.000000 1.000000 1.000000 1.000000 1.000000 
0.000000 0.000000 0.000000 0.000000 0.000000 0.000000 0.000000 0.000000 0.000000 0.000000 0.018182 0.018182 0.054545 0.254545 0.400000 0.563636 0.709091 0.818182 0.909091 1.000000 
0.008403 0.016807 0.042017 0.201681 0.336134 0.470588 0.630252 0.823529 0.924370 0.974790 1.000000 1.000000 1.000000 1.000000 1.000000 1.000000 1.000000 1.000000 1.000000 1.000000 
0.000000 0.000000 0.000000 0.000000 0.000000 0.000000 0.000000 0.000000 0.000000 0.000000 0.018182 0.072727 0.163636 0.345455 0.454545 0.618182 0.763636 0.854545 0.963636 1.000000 
0.008000 0.032000 0.072000 0.184000 0.280000 0.472000 0.640000 0.816000 0.960000 0.976000 0.992000 1.000000 1.000000 1.000000 1.000000 1.000000 1.000000 1.000000 1.000000 1.000000 
0.000000 0.000000 0.000000 0.000000 0.000000 0.000000 0.000000 0.000000 0.000000 0.000000 0.020408 0.102041 0.265306 0.408163 0.612245 0.755102 0.918367 0.959184 0.979592 1.000000 
0.008000 0.064000 0.232000 0.424000 0.680000 0.896000 0.936000 0.968000 0.992000 0.992000 1.000000 1.000000 1.000000 1.000000 1.000000 1.000000 1.000000 1.000000 1.000000 1.000000 
0.000000 0.000000 0.000000 0.000000 0.000000 0.000000 0.000000 0.000000 0.000000 0.000000 0.102041 0.204082 0.326531 0.469388 0.673469 0.775510 0.897959 0.938776 0.979592 1.000000 
0.008621 0.008621 0.068966 0.163793 0.362069 0.551724 0.681034 0.818966 0.939655 0.982759 1.000000 1.000000 1.000000 1.000000 1.000000 1.000000 1.000000 1.000000 1.000000 1.000000 
0.000000 0.000000 0.000000 0.000000 0.000000 0.000000 0.000000 0.000000 0.000000 0.000000 0.017241 0.068966 0.241379 0.396552 0.586207 0.706897 0.810345 0.913793 0.965517 1.000000 
0.008000 0.080000 0.176000 0.440000 0.664000 0.872000 0.936000 0.976000 0.976000 0.992000 1.000000 1.000000 1.000000 1.000000 1.000000 1.000000 1.000000 1.000000 1.000000 1.000000 
0.000000 0.000000 0.000000 0.000000 0.000000 0.000000 0.000000 0.000000 0.000000 0.020408 0.061224 0.204082 0.306122 0.489796 0.693878 0.775510 0.897959 0.959184 0.979592 1.000000 
0.008403 0.033613 0.084034 0.201681 0.352941 0.436975 0.554622 0.647059 0.781513 0.882353 0.966387 0.991597 1.000000 1.000000 1.000000 1.000000 1.000000 1.000000 1.000000 1.000000 
0.000000 0.000000 0.000000 0.000000 0.000000 0.000000 0.000000 0.000000 0.000000 0.000000 0.000000 0.018182 0.054545 0.218182 0.381818 0.600000 0.763636 0.890909 0.981818 1.000000 
0.008000 0.024000 0.096000 0.152000 0.264000 0.360000 0.480000 0.640000 0.824000 0.928000 0.968000 0.992000 1.000000 1.000000 1.000000 1.000000 1.000000 1.000000 1.000000 1.000000 
0.000000 0.000000 0.000000 0.000000 0.000000 0.000000 0.000000 0.000000 0.000000 0.000000 0.000000 0.000000 0.040816 0.244898 0.346939 0.591837 0.755102 0.897959 0.979592 1.000000 
0.008403 0.016807 0.025210 0.126050 0.193277 0.336134 0.453782 0.571429 0.672269 0.831933 0.907563 0.974790 1.000000 1.000000 1.000000 1.000000 1.000000 1.000000 1.000000 1.000000 
0.000000 0.000000 0.000000 0.000000 0.000000 0.000000 0.000000 0.000000 0.000000 0.000000 0.000000 0.000000 0.018182 0.036364 0.181818 0.418182 0.600000 0.800000 0.854545 1.000000 
0.008621 0.068966 0.172414 0.318966 0.491379 0.681034 0.775862 0.896552 0.948276 0.956897 0.991379 1.000000 1.000000 1.000000 1.000000 1.000000 1.000000 1.000000 1.000000 1.000000 
0.000000 0.000000 0.000000 0.000000 0.000000 0.000000 0.000000 0.000000 0.000000 0.017241 0.034483 0.103448 0.275862 0.465517 0.586207 0.758621 0.896552 0.948276 0.982759 1.000000 
0.008000 0.008000 0.032000 0.088000 0.200000 0.280000 0.432000 0.528000 0.704000 0.808000 0.952000 1.000000 1.000000 1.000000 1.000000 1.000000 1.000000 1.000000 1.000000 1.000000 
0.000000 0.000000 0.000000 0.000000 0.000000 0.000000 0.000000 0.000000 0.000000 0.000000 0.000000 0.000000 0.000000 0.142857 0.408163 0.632653 0.816327 0.959184 0.979592 1.000000 
0.008000 0.016000 0.048000 0.128000 0.304000 0.520000 0.752000 0.936000 0.976000 0.992000 1.000000 1.000000 1.000000 1.000000 1.000000 1.000000 1.000000 1.000000 1.000000 1.000000 
0.000000 0.000000 0.000000 0.000000 0.000000 0.000000 0.000000 0.000000 0.000000 0.020408 0.061224 0.204082 0.285714 0.448980 0.673469 0.775510 0.897959 0.938776 0.979592 1.000000 
0.008621 0.017241 0.112069 0.267241 0.500000 0.655172 0.784483 0.913793 0.939655 0.965517 0.991379 1.000000 1.000000 1.000000 1.000000 1.000000 1.000000 1.000000 1.000000 1.000000 
0.000000 0.000000 0.000000 0.000000 0.000000 0.000000 0.000000 0.000000 0.000000 0.017241 0.051724 0.172414 0.258621 0.413793 0.603448 0.706897 0.913793 0.948276 0.982759 1.000000 
0.008000 0.056000 0.160000 0.328000 0.528000 0.648000 0.816000 0.920000 0.984000 0.992000 0.992000 1.000000 1.000000 1.000000 1.000000 1.000000 1.000000 1.000000 1.000000 1.000000 
0.000000 0.000000 0.000000 0.000000 0.000000 0.000000 0.000000 0.000000 0.000000 0.000000 0.020408 0.204082 0.306122 0.408163 0.653061 0.795918 0.897959 0.959184 0.979592 1.000000 
0.008621 0.025862 0.043103 0.120690 0.318966 0.456897 0.629310 0.775862 0.905172 0.956897 1.000000 1.000000 1.000000 1.000000 1.000000 1.000000 1.000000 1.000000 1.000000 1.000000 
0.000000 0.000000 0.000000 0.000000 0.000000 0.000000 0.000000 0.000000 0.000000 0.000000 0.017241 0.034483 0.155172 0.327586 0.534483 0.672414 0.844828 0.948276 0.982759 1.000000 
0.008621 0.008621 0.068966 0.241379 0.431034 0.655172 0.801724 0.879310 0.931034 0.974138 0.991379 0.991379 0.991379 1.000000 1.000000 1.000000 1.000000 1.000000 1.000000 1.000000 
0.000000 0.000000 0.000000 0.000000 0.000000 0.000000 0.000000 0.000000 0.000000 0.017241 0.086207 0.241379 0.362069 0.517241 0.637931 0.775862 0.879310 0.948276 0.982759 1.000000 
0.008621 0.008621 0.094828 0.250000 0.422414 0.594828 0.758621 0.844828 0.956897 0.965517 0.982759 0.991379 0.991379 0.991379 1.000000 1.000000 1.000000 1.000000 1.000000 1.000000 
0.000000 0.000000 0.000000 0.000000 0.000000 0.000000 0.000000 0.017241 0.051724 0.086207 0.224138 0.293103 0.465517 0.603448 0.689655 0.827586 0.896552 0.948276 0.982759 1.000000 
0.008621 0.034483 0.043103 0.120690 0.215517 0.353448 0.525862 0.750000 0.913793 0.939655 0.965517 0.991379 0.991379 1.000000 1.000000 1.000000 1.000000 1.000000 1.000000 1.000000 
0.000000 0.000000 0.000000 0.000000 0.000000 0.000000 0.000000 0.000000 0.000000 0.000000 0.017241 0.189655 0.275862 0.413793 0.603448 0.724138 0.862069 0.948276 0.965517 1.000000 
0.008403 0.025210 0.050420 0.084034 0.159664 0.302521 0.445378 0.613445 0.756303 0.857143 0.966387 0.991597 0.991597 0.991597 0.991597 1.000000 1.000000 1.000000 1.000000 1.000000 
0.000000 0.000000 0.000000 0.000000 0.000000 0.000000 0.000000 0.000000 0.000000 0.000000 0.000000 0.054545 0.163636 0.272727 0.400000 0.545455 0.690909 0.800000 0.890909 1.000000 
0.008000 0.024000 0.080000 0.128000 0.200000 0.384000 0.528000 0.808000 0.944000 0.984000 0.992000 1.000000 1.000000 1.000000 1.000000 1.000000 1.000000 1.000000 1.000000 1.000000 
0.000000 0.000000 0.000000 0.000000 0.000000 0.000000 0.000000 0.000000 0.000000 0.000000 0.061224 0.163265 0.326531 0.510204 0.714286 0.775510 0.857143 0.959184 0.979592 1.000000 
0.008403 0.008403 0.008403 0.075630 0.168067 0.411765 0.596639 0.773109 0.882353 0.941176 0.974790 0.974790 0.991597 0.991597 1.000000 1.000000 1.000000 1.000000 1.000000 1.000000 
0.000000 0.000000 0.000000 0.000000 0.000000 0.000000 0.000000 0.000000 0.000000 0.018182 0.018182 0.054545 0.200000 0.290909 0.381818 0.600000 0.709091 0.836364 0.927273 1.000000 
0.008403 0.008403 0.050420 0.168067 0.310924 0.453782 0.571429 0.756303 0.907563 0.941176 0.974790 1.000000 1.000000 1.000000 1.000000 1.000000 1.000000 1.000000 1.000000 1.000000 
0.000000 0.000000 0.000000 0.000000 0.000000 0.000000 0.000000 0.000000 0.000000 0.000000 0.018182 0.072727 0.254545 0.418182 0.563636 0.709091 0.836364 0.945455 0.963636 1.000000 
0.008621 0.068966 0.224138 0.431034 0.620690 0.758621 0.870690 0.922414 0.965517 1.000000 1.000000 1.000000 1.000000 1.000000 1.000000 1.000000 1.000000 1.000000 1.000000 1.000000 
0.000000 0.000000 0.000000 0.000000 0.000000 0.000000 0.000000 0.000000 0.000000 0.017241 0.017241 0.120690 0.258621 0.413793 0.586207 0.689655 0.862069 0.948276 0.982759 1.000000 
0.008000 0.072000 0.160000 0.320000 0.528000 0.728000 0.888000 0.968000 0.984000 1.000000 1.000000 1.000000 1.000000 1.000000 1.000000 1.000000 1.000000 1.000000 1.000000 1.000000 
0.000000 0.000000 0.000000 0.000000 0.000000 0.000000 0.000000 0.000000 0.000000 0.000000 0.040816 0.204082 0.306122 0.530612 0.612245 0.775510 0.897959 0.959184 0.979592 1.000000 
0.008000 0.096000 0.168000 0.296000 0.464000 0.592000 0.688000 0.808000 0.920000 0.992000 1.000000 1.000000 1.000000 1.000000 1.000000 1.000000 1.000000 1.000000 1.000000 1.000000 
0.000000 0.000000 0.000000 0.000000 0.000000 0.000000 0.000000 0.000000 0.000000 0.000000 0.000000 0.040816 0.204082 0.387755 0.510204 0.693878 0.918367 0.959184 0.979592 1.000000 
0.008403 0.008403 0.058824 0.218487 0.352941 0.521008 0.697479 0.865546 0.957983 0.991597 1.000000 1.000000 1.000000 1.000000 1.000000 1.000000 1.000000 1.000000 1.000000 1.000000 
0.000000 0.000000 0.000000 0.000000 0.000000 0.000000 0.000000 0.000000 0.000000 0.018182 0.018182 0.109091 0.254545 0.400000 0.527273 0.636364 0.800000 0.890909 0.963636 1.000000 
0.008403 0.033613 0.117647 0.243697 0.344538 0.521008 0.655462 0.815126 0.924370 0.957983 0.983193 0.991597 0.991597 1.000000 1.000000 1.000000 1.000000 1.000000 1.000000 1.000000 
0.000000 0.000000 0.000000 0.000000 0.000000 0.000000 0.000000 0.018182 0.036364 0.072727 0.127273 0.236364 0.363636 0.436364 0.545455 0.654545 0.854545 0.945455 0.981818 1.000000 
0.008621 0.008621 0.060345 0.181034 0.344828 0.568966 0.732759 0.836207 0.913793 0.956897 0.974138 0.991379 1.000000 1.000000 1.000000 1.000000 1.000000 1.000000 1.000000 1.000000 
0.000000 0.000000 0.000000 0.000000 0.000000 0.000000 0.000000 0.000000 0.017241 0.034483 0.155172 0.241379 0.448276 0.568966 0.689655 0.810345 0.896552 0.931034 0.948276 1.000000 
0.008403 0.075630 0.168067 0.336134 0.563025 0.697479 0.865546 0.915966 0.974790 0.983193 0.991597 0.991597 1.000000 1.000000 1.000000 1.000000 1.000000 1.000000 1.000000 1.000000 
0.000000 0.000000 0.000000 0.000000 0.000000 0.000000 0.000000 0.000000 0.000000 0.018182 0.018182 0.090909 0.218182 0.327273 0.436364 0.563636 0.709091 0.836364 0.927273 1.000000 
0.008621 0.043103 0.112069 0.232759 0.353448 0.560345 0.750000 0.879310 0.931034 0.956897 0.982759 0.991379 0.991379 0.991379 1.000000 1.000000 1.000000 1.000000 1.000000 1.000000 
0.000000 0.000000 0.000000 0.000000 0.000000 0.000000 0.000000 0.000000 0.000000 0.068966 0.155172 0.224138 0.379310 0.517241 0.655172 0.741379 0.862069 0.965517 0.965517 1.000000 
0.008403 0.016807 0.058824 0.168067 0.285714 0.478992 0.672269 0.857143 0.924370 0.983193 0.991597 1.000000 1.000000 1.000000 1.000000 1.000000 1.000000 1.000000 1.000000 1.000000 
0.000000 0.000000 0.000000 0.000000 0.000000 0.000000 0.000000 0.000000 0.000000 0.000000 0.018182 0.072727 0.218182 0.309091 0.418182 0.563636 0.672727 0.800000 0.945455 1.000000 
0.008000 0.016000 0.064000 0.200000 0.344000 0.504000 0.688000 0.808000 0.936000 0.976000 0.992000 1.000000 1.000000 1.000000 1.000000 1.000000 1.000000 1.000000 1.000000 1.000000 
0.000000 0.000000 0.000000 0.000000 0.000000 0.000000 0.000000 0.000000 0.000000 0.000000 0.000000 0.102041 0.224490 0.367347 0.571429 0.775510 0.897959 0.959184 0.979592 1.000000 
0.008621 0.008621 0.034483 0.129310 0.284483 0.474138 0.724138 0.887931 0.939655 0.974138 0.991379 1.000000 1.000000 1.000000 1.000000 1.000000 1.000000 1.000000 1.000000 1.000000 
0.000000 0.000000 0.000000 0.000000 0.000000 0.000000 0.000000 0.000000 0.000000 0.000000 0.034483 0.155172 0.344828 0.465517 0.637931 0.689655 0.827586 0.931034 0.965517 1.000000 
0.008000 0.040000 0.088000 0.272000 0.456000 0.728000 0.864000 0.936000 0.976000 0.992000 1.000000 1.000000 1.000000 1.000000 1.000000 1.000000 1.000000 1.000000 1.000000 1.000000 
0.000000 0.000000 0.000000 0.000000 0.000000 0.000000 0.000000 0.000000 0.000000 0.000000 0.122449 0.224490 0.346939 0.469388 0.571429 0.734694 0.918367 0.959184 0.959184 1.000000 
0.008000 0.048000 0.176000 0.344000 0.440000 0.608000 0.736000 0.856000 0.952000 1.000000 1.000000 1.000000 1.000000 1.000000 1.000000 1.000000 1.000000 1.000000 1.000000 1.000000 
0.000000 0.000000 0.000000 0.000000 0.000000 0.000000 0.000000 0.000000 0.000000 0.000000 0.000000 0.040816 0.244898 0.387755 0.551020 0.673469 0.877551 0.959184 0.959184 1.000000 
0.008000 0.032000 0.088000 0.168000 0.304000 0.480000 0.696000 0.840000 0.968000 0.984000 0.992000 1.000000 1.000000 1.000000 1.000000 1.000000 1.000000 1.000000 1.000000 1.000000 
0.000000 0.000000 0.000000 0.000000 0.000000 0.000000 0.000000 0.000000 0.000000 0.000000 0.040816 0.163265 0.306122 0.448980 0.714286 0.775510 0.897959 0.959184 0.979592 1.000000 
0.008000 0.048000 0.200000 0.360000 0.656000 0.856000 0.936000 0.968000 0.984000 1.000000 1.000000 1.000000 1.000000 1.000000 1.000000 1.000000 1.000000 1.000000 1.000000 1.000000 
0.000000 0.000000 0.000000 0.000000 0.000000 0.000000 0.000000 0.000000 0.020408 0.061224 0.142857 0.265306 0.367347 0.510204 0.632653 0.795918 0.918367 0.959184 0.979592 1.000000 
0.008621 0.043103 0.120690 0.310345 0.431034 0.525862 0.724138 0.810345 0.931034 0.965517 0.991379 1.000000 1.000000 1.000000 1.000000 1.000000 1.000000 1.000000 1.000000 1.000000 
0.000000 0.000000 0.000000 0.000000 0.000000 0.000000 0.000000 0.000000 0.000000 0.000000 0.017241 0.068966 0.206897 0.396552 0.603448 0.741379 0.931034 0.948276 0.982759 1.000000 
0.008000 0.040000 0.168000 0.336000 0.632000 0.792000 0.912000 0.968000 0.976000 0.992000 1.000000 1.000000 1.000000 1.000000 1.000000 1.000000 1.000000 1.000000 1.000000 1.000000 
0.000000 0.000000 0.000000 0.000000 0.000000 0.000000 0.000000 0.000000 0.000000 0.040816 0.163265 0.306122 0.428571 0.530612 0.714286 0.836735 0.938776 0.959184 0.959184 1.000000 
0.008403 0.058824 0.134454 0.226891 0.327731 0.453782 0.714286 0.798319 0.907563 0.941176 0.974790 1.000000 1.000000 1.000000 1.000000 1.000000 1.000000 1.000000 1.000000 1.000000 
0.000000 0.000000 0.000000 0.000000 0.000000 0.000000 0.000000 0.000000 0.000000 0.000000 0.018182 0.054545 0.127273 0.309091 0.454545 0.618182 0.781818 0.890909 0.981818 1.000000 
0.008403 0.042017 0.117647 0.243697 0.352941 0.554622 0.697479 0.840336 0.932773 0.983193 0.991597 1.000000 1.000000 1.000000 1.000000 1.000000 1.000000 1.000000 1.000000 1.000000 
0.000000 0.000000 0.000000 0.000000 0.000000 0.000000 0.000000 0.000000 0.000000 0.000000 0.018182 0.018182 0.090909 0.290909 0.400000 0.563636 0.672727 0.800000 0.927273 1.000000 
0.008403 0.075630 0.168067 0.294118 0.420168 0.571429 0.663866 0.764706 0.882353 0.957983 0.991597 1.000000 1.000000 1.000000 1.000000 1.000000 1.000000 1.000000 1.000000 1.000000 
0.000000 0.000000 0.000000 0.000000 0.000000 0.000000 0.000000 0.000000 0.000000 0.000000 0.018182 0.018182 0.127273 0.345455 0.436364 0.581818 0.745455 0.890909 0.945455 1.000000 
0.008621 0.086207 0.163793 0.284483 0.422414 0.577586 0.732759 0.844828 0.913793 0.974138 1.000000 1.000000 1.000000 1.000000 1.000000 1.000000 1.000000 1.000000 1.000000 1.000000 
0.000000 0.000000 0.000000 0.000000 0.000000 0.000000 0.000000 0.000000 0.000000 0.000000 0.034483 0.103448 0.189655 0.396552 0.586207 0.689655 0.827586 0.913793 0.965517 1.000000 
0.008621 0.025862 0.043103 0.155172 0.258621 0.387931 0.525862 0.689655 0.793103 0.887931 0.956897 0.991379 1.000000 1.000000 1.000000 1.000000 1.000000 1.000000 1.000000 1.000000 
0.000000 0.000000 0.000000 0.000000 0.000000 0.000000 0.000000 0.000000 0.000000 0.000000 0.000000 0.017241 0.086207 0.258621 0.413793 0.620690 0.810345 0.931034 0.982759 1.000000 
0.008621 0.043103 0.112069 0.284483 0.474138 0.629310 0.775862 0.913793 0.956897 0.974138 1.000000 1.000000 1.000000 1.000000 1.000000 1.000000 1.000000 1.000000 1.000000 1.000000 
0.000000 0.000000 0.000000 0.000000 0.000000 0.000000 0.000000 0.000000 0.000000 0.017241 0.068966 0.155172 0.344828 0.482759 0.655172 0.827586 0.913793 0.965517 0.982759 1.000000 
0.008403 0.016807 0.033613 0.084034 0.134454 0.319328 0.529412 0.680672 0.848739 0.941176 0.991597 1.000000 1.000000 1.000000 1.000000 1.000000 1.000000 1.000000 1.000000 1.000000 
0.000000 0.000000 0.000000 0.000000 0.000000 0.000000 0.000000 0.000000 0.000000 0.000000 0.000000 0.018182 0.036364 0.236364 0.418182 0.600000 0.727273 0.818182 0.909091 1.000000 
0.008403 0.025210 0.092437 0.193277 0.319328 0.478992 0.596639 0.731092 0.899160 0.957983 1.000000 1.000000 1.000000 1.000000 1.000000 1.000000 1.000000 1.000000 1.000000 1.000000 
0.000000 0.000000 0.000000 0.000000 0.000000 0.000000 0.000000 0.000000 0.000000 0.000000 0.000000 0.018182 0.090909 0.254545 0.418182 0.600000 0.709091 0.836364 0.927273 1.000000 
0.008000 0.032000 0.088000 0.200000 0.304000 0.432000 0.656000 0.808000 0.952000 0.976000 0.984000 1.000000 1.000000 1.000000 1.000000 1.000000 1.000000 1.000000 1.000000 1.000000 
0.000000 0.000000 0.000000 0.000000 0.000000 0.000000 0.000000 0.000000 0.000000 0.000000 0.000000 0.040816 0.183673 0.346939 0.428571 0.632653 0.857143 0.959184 0.979592 1.000000 
0.008621 0.017241 0.094828 0.224138 0.301724 0.474138 0.612069 0.724138 0.827586 0.939655 0.974138 1.000000 1.000000 1.000000 1.000000 1.000000 1.000000 1.000000 1.000000 1.000000 
0.000000 0.000000 0.000000 0.000000 0.000000 0.000000 0.000000 0.000000 0.000000 0.000000 0.000000 0.017241 0.086207 0.258621 0.431034 0.586207 0.741379 0.879310 0.965517 1.000000 
0.008403 0.042017 0.084034 0.134454 0.277311 0.521008 0.714286 0.857143 0.924370 0.957983 0.991597 0.991597 0.991597 0.991597 1.000000 1.000000 1.000000 1.000000 1.000000 1.000000 
0.000000 0.000000 0.000000 0.000000 0.000000 0.000000 0.000000 0.000000 0.000000 0.018182 0.018182 0.109091 0.272727 0.363636 0.509091 0.600000 0.690909 0.854545 0.890909 1.000000 
0.008000 0.040000 0.120000 0.312000 0.440000 0.640000 0.752000 0.912000 0.992000 0.992000 0.992000 1.000000 1.000000 1.000000 1.000000 1.000000 1.000000 1.000000 1.000000 1.000000 
0.000000 0.000000 0.000000 0.000000 0.000000 0.000000 0.000000 0.000000 0.020408 0.061224 0.142857 0.244898 0.346939 0.530612 0.714286 0.857143 0.897959 0.959184 0.979592 1.000000 
0.008621 0.034483 0.068966 0.172414 0.293103 0.422414 0.655172 0.775862 0.905172 0.956897 0.982759 1.000000 1.000000 1.000000 1.000000 1.000000 1.000000 1.000000 1.000000 1.000000 
0.000000 0.000000 0.000000 0.000000 0.000000 0.000000 0.000000 0.000000 0.000000 0.000000 0.017241 0.034483 0.172414 0.413793 0.551724 0.689655 0.862069 0.931034 0.965517 1.000000 
0.008000 0.016000 0.040000 0.104000 0.208000 0.352000 0.456000 0.592000 0.712000 0.824000 0.944000 0.992000 1.000000 1.000000 1.000000 1.000000 1.000000 1.000000 1.000000 1.000000 
0.000000 0.000000 0.000000 0.000000 0.000000 0.000000 0.000000 0.000000 0.000000 0.000000 0.000000 0.000000 0.040816 0.244898 0.346939 0.653061 0.836735 0.959184 0.979592 1.000000 
0.008000 0.080000 0.144000 0.224000 0.336000 0.488000 0.688000 0.864000 0.960000 0.992000 1.000000 1.000000 1.000000 1.000000 1.000000 1.000000 1.000000 1.000000 1.000000 1.000000 
0.000000 0.000000 0.000000 0.000000 0.000000 0.000000 0.000000 0.000000 0.020408 0.061224 0.142857 0.306122 0.428571 0.632653 0.755102 0.816327 0.897959 0.959184 0.979592 1.000000 
0.008621 0.017241 0.025862 0.060345 0.155172 0.258621 0.482759 0.758621 0.896552 0.974138 0.982759 0.982759 0.991379 1.000000 1.000000 1.000000 1.000000 1.000000 1.000000 1.000000 
0.000000 0.000000 0.000000 0.000000 0.000000 0.000000 0.000000 0.000000 0.000000 0.000000 0.086207 0.155172 0.275862 0.413793 0.603448 0.706897 0.862069 0.965517 0.965517 1.000000 
0.008000 0.008000 0.048000 0.120000 0.216000 0.440000 0.552000 0.760000 0.928000 0.968000 0.992000 1.000000 1.000000 1.000000 1.000000 1.000000 1.000000 1.000000 1.000000 1.000000 
0.000000 0.000000 0.000000 0.000000 0.000000 0.000000 0.000000 0.000000 0.000000 0.020408 0.061224 0.163265 0.367347 0.571429 0.755102 0.775510 0.938776 0.959184 0.979592 1.000000 
0.008000 0.024000 0.104000 0.216000 0.368000 0.536000 0.712000 0.872000 0.936000 0.984000 1.000000 1.000000 1.000000 1.000000 1.000000 1.000000 1.000000 1.000000 1.000000 1.000000 
0.000000 0.000000 0.000000 0.000000 0.000000 0.000000 0.000000 0.000000 0.000000 0.000000 0.081633 0.163265 0.285714 0.469388 0.591837 0.775510 0.857143 0.938776 0.959184 1.000000 
0.008621 0.008621 0.060345 0.137931 0.267241 0.448276 0.586207 0.793103 0.905172 0.965517 0.982759 0.991379 1.000000 1.000000 1.000000 1.000000 1.000000 1.000000 1.000000 1.000000 
0.000000 0.000000 0.000000 0.000000 0.000000 0.000000 0.000000 0.000000 0.017241 0.051724 0.137931 0.224138 0.344828 0.517241 0.655172 0.775862 0.896552 0.965517 0.982759 1.000000 
0.008621 0.025862 0.094828 0.241379 0.396552 0.577586 0.689655 0.853448 0.913793 0.965517 0.974138 1.000000 1.000000 1.000000 1.000000 1.000000 1.000000 1.000000 1.000000 1.000000 
0.000000 0.000000 0.000000 0.000000 0.000000 0.000000 0.000000 0.000000 0.000000 0.000000 0.017241 0.103448 0.241379 0.396552 0.603448 0.741379 0.913793 0.965517 0.982759 1.000000 
0.008403 0.033613 0.109244 0.210084 0.294118 0.378151 0.512605 0.672269 0.815126 0.941176 1.000000 1.000000 1.000000 1.000000 1.000000 1.000000 1.000000 1.000000 1.000000 1.000000 
0.000000 0.000000 0.000000 0.000000 0.000000 0.000000 0.000000 0.000000 0.000000 0.000000 0.000000 0.018182 0.054545 0.200000 0.381818 0.636364 0.709091 0.818182 0.927273 1.000000 
0.008621 0.025862 0.112069 0.224138 0.370690 0.474138 0.568966 0.715517 0.836207 0.948276 0.974138 1.000000 1.000000 1.000000 1.000000 1.000000 1.000000 1.000000 1.000000 1.000000 
0.000000 0.000000 0.000000 0.000000 0.000000 0.000000 0.000000 0.000000 0.000000 0.000000 0.000000 0.068966 0.172414 0.293103 0.517241 0.672414 0.844828 0.948276 0.982759 1.000000 
0.008403 0.075630 0.176471 0.268908 0.386555 0.546218 0.714286 0.882353 0.924370 0.966387 0.991597 1.000000 1.000000 1.000000 1.000000 1.000000 1.000000 1.000000 1.000000 1.000000 
0.000000 0.000000 0.000000 0.000000 0.000000 0.000000 0.000000 0.000000 0.000000 0.000000 0.018182 0.036364 0.127273 0.290909 0.436364 0.600000 0.781818 0.854545 0.981818 1.000000 
0.008621 0.043103 0.094828 0.284483 0.534483 0.698276 0.862069 0.931034 0.974138 0.982759 0.982759 0.982759 1.000000 1.000000 1.000000 1.000000 1.000000 1.000000 1.000000 1.000000 
0.000000 0.000000 0.000000 0.000000 0.000000 0.000000 0.000000 0.000000 0.017241 0.086207 0.155172 0.241379 0.413793 0.568966 0.724138 0.810345 0.948276 0.965517 0.982759 1.000000 
0.008621 0.008621 0.068966 0.189655 0.327586 0.517241 0.767241 0.862069 0.956897 0.982759 0.982759 0.991379 1.000000 1.000000 1.000000 1.000000 1.000000 1.000000 1.000000 1.000000 
0.000000 0.000000 0.000000 0.000000 0.000000 0.000000 0.000000 0.000000 0.000000 0.051724 0.189655 0.275862 0.379310 0.517241 0.672414 0.793103 0.879310 0.965517 0.965517 1.000000 
0.008403 0.050420 0.142857 0.319328 0.512605 0.672269 0.831933 0.915966 0.966387 0.991597 0.991597 0.991597 0.991597 0.991597 1.000000 1.000000 1.000000 1.000000 1.000000 1.000000 
0.000000 0.000000 0.000000 0.000000 0.000000 0.000000 0.000000 0.000000 0.018182 0.018182 0.072727 0.200000 0.309091 0.436364 0.581818 0.709091 0.818182 0.872727 0.981818 1.000000 
0.008403 0.025210 0.109244 0.226891 0.319328 0.428571 0.596639 0.739496 0.831933 0.907563 0.966387 0.974790 0.991597 0.991597 0.991597 1.000000 1.000000 1.000000 1.000000 1.000000 
0.000000 0.000000 0.000000 0.000000 0.000000 0.000000 0.000000 0.000000 0.018182 0.054545 0.109091 0.236364 0.327273 0.436364 0.563636 0.618182 0.818182 0.854545 0.963636 1.000000 
0.008000 0.008000 0.032000 0.088000 0.144000 0.304000 0.448000 0.608000 0.744000 0.912000 0.976000 0.984000 0.992000 1.000000 1.000000 1.000000 1.000000 1.000000 1.000000 1.000000 
0.000000 0.000000 0.000000 0.000000 0.000000 0.000000 0.000000 0.000000 0.000000 0.000000 0.000000 0.000000 0.000000 0.020408 0.204082 0.408163 0.571429 0.836735 0.877551 1.000000 
0.008000 0.008000 0.016000 0.112000 0.280000 0.496000 0.728000 0.896000 0.936000 0.984000 1.000000 1.000000 1.000000 1.000000 1.000000 1.000000 1.000000 1.000000 1.000000 1.000000 
0.000000 0.000000 0.000000 0.000000 0.000000 0.000000 0.000000 0.000000 0.000000 0.000000 0.000000 0.142857 0.285714 0.367347 0.551020 0.693878 0.918367 0.959184 0.979592 1.000000 
0.008403 0.025210 0.084034 0.184874 0.310924 0.462185 0.588235 0.731092 0.865546 0.949580 0.974790 0.991597 1.000000 1.000000 1.000000 1.000000 1.000000 1.000000 1.000000 1.000000 
0.000000 0.000000 0.000000 0.000000 0.000000 0.000000 0.000000 0.000000 0.000000 0.000000 0.000000 0.018182 0.109091 0.254545 0.363636 0.563636 0.709091 0.800000 0.890909 1.000000 
0.008621 0.060345 0.155172 0.310345 0.534483 0.732759 0.827586 0.922414 0.965517 0.982759 0.991379 1.000000 1.000000 1.000000 1.000000 1.000000 1.000000 1.000000 1.000000 1.000000 
0.000000 0.000000 0.000000 0.000000 0.000000 0.000000 0.000000 0.000000 0.017241 0.017241 0.103448 0.224138 0.413793 0.534483 0.672414 0.775862 0.896552 0.948276 0.965517 1.000000 
0.008621 0.043103 0.181034 0.310345 0.465517 0.637931 0.775862 0.870690 0.931034 0.965517 0.982759 0.991379 0.991379 1.000000 1.000000 1.000000 1.000000 1.000000 1.000000 1.000000 
0.000000 0.000000 0.000000 0.000000 0.000000 0.000000 0.000000 0.000000 0.034483 0.103448 0.206897 0.344828 0.465517 0.534483 0.706897 0.810345 0.913793 0.948276 0.982759 1.000000 
0.008403 0.042017 0.126050 0.285714 0.445378 0.554622 0.731092 0.857143 0.941176 0.974790 0.983193 0.991597 0.991597 1.000000 1.000000 1.000000 1.000000 1.000000 1.000000 1.000000 
0.000000 0.000000 0.000000 0.000000 0.000000 0.000000 0.000000 0.000000 0.018182 0.018182 0.090909 0.218182 0.309091 0.363636 0.509091 0.709091 0.818182 0.927273 0.981818 1.000000 
0.008621 0.008621 0.068966 0.137931 0.275862 0.474138 0.655172 0.784483 0.887931 0.948276 0.982759 1.000000 1.000000 1.000000 1.000000 1.000000 1.000000 1.000000 1.000000 1.000000 
0.000000 0.000000 0.000000 0.000000 0.000000 0.000000 0.000000 0.000000 0.000000 0.000000 0.017241 0.086207 0.241379 0.396552 0.603448 0.741379 0.913793 0.982759 0.982759 1.000000 
0.008000 0.016000 0.120000 0.312000 0.624000 0.776000 0.936000 0.960000 0.968000 1.000000 1.000000 1.000000 1.000000 1.000000 1.000000 1.000000 1.000000 1.000000 1.000000 1.000000 
0.000000 0.000000 0.000000 0.000000 0.000000 0.000000 0.000000 0.000000 0.000000 0.000000 0.061224 0.204082 0.346939 0.510204 0.653061 0.775510 0.918367 0.959184 0.979592 1.000000 
0.008403 0.016807 0.075630 0.117647 0.268908 0.344538 0.478992 0.697479 0.840336 0.924370 0.966387 0.991597 0.991597 0.991597 1.000000 1.000000 1.000000 1.000000 1.000000 1.000000 
0.000000 0.000000 0.000000 0.000000 0.000000 0.000000 0.000000 0.000000 0.000000 0.000000 0.000000 0.018182 0.090909 0.181818 0.345455 0.454545 0.600000 0.745455 0.872727 1.000000 
0.008621 0.008621 0.008621 0.094828 0.215517 0.362069 0.508621 0.741379 0.887931 0.956897 0.974138 0.991379 1.000000 1.000000 1.000000 1.000000 1.000000 1.000000 1.000000 1.000000 
0.000000 0.000000 0.000000 0.000000 0.000000 0.000000 0.000000 0.000000 0.000000 0.000000 0.051724 0.120690 0.275862 0.396552 0.551724 0.689655 0.844828 0.965517 0.965517 1.000000 
0.008403 0.016807 0.084034 0.243697 0.428571 0.613445 0.806723 0.915966 0.966387 0.991597 1.000000 1.000000 1.000000 1.000000 1.000000 1.000000 1.000000 1.000000 1.000000 1.000000 
0.000000 0.000000 0.000000 0.000000 0.000000 0.000000 0.000000 0.000000 0.000000 0.000000 0.036364 0.090909 0.200000 0.381818 0.472727 0.654545 0.800000 0.890909 0.981818 1.000000 
0.008403 0.025210 0.084034 0.218487 0.327731 0.512605 0.722689 0.899160 0.974790 0.991597 0.991597 0.991597 1.000000 1.000000 1.000000 1.000000 1.000000 1.000000 1.000000 1.000000 
0.000000 0.000000 0.000000 0.000000 0.000000 0.000000 0.000000 0.000000 0.000000 0.018182 0.018182 0.109091 0.236364 0.345455 0.472727 0.600000 0.745455 0.836364 0.909091 1.000000 
0.008621 0.068966 0.198276 0.387931 0.612069 0.784483 0.905172 0.956897 0.965517 0.991379 1.000000 1.000000 1.000000 1.000000 1.000000 1.000000 1.000000 1.000000 1.000000 1.000000 
0.000000 0.000000 0.000000 0.000000 0.000000 0.000000 0.000000 0.000000 0.000000 0.017241 0.034483 0.137931 0.275862 0.448276 0.637931 0.775862 0.913793 0.965517 0.982759 1.000000 
0.008621 0.034483 0.068966 0.198276 0.387931 0.568966 0.715517 0.870690 0.939655 0.974138 0.982759 0.991379 0.991379 1.000000 1.000000 1.000000 1.000000 1.000000 1.000000 1.000000 
0.000000 0.000000 0.000000 0.000000 0.000000 0.000000 0.000000 0.000000 0.034483 0.051724 0.189655 0.293103 0.396552 0.551724 0.689655 0.810345 0.913793 0.965517 0.982759 1.000000 
0.008000 0.040000 0.120000 0.328000 0.448000 0.672000 0.816000 0.896000 0.968000 0.992000 0.992000 1.000000 1.000000 1.000000 1.000000 1.000000 1.000000 1.000000 1.000000 1.000000 
0.000000 0.000000 0.000000 0.000000 0.000000 0.000000 0.000000 0.000000 0.000000 0.000000 0.061224 0.204082 0.326531 0.428571 0.612245 0.755102 0.918367 0.959184 0.979592 1.000000 
0.008403 0.075630 0.142857 0.294118 0.521008 0.731092 0.857143 0.907563 0.957983 0.983193 0.991597 0.991597 0.991597 1.000000 1.000000 1.000000 1.000000 1.000000 1.000000 1.000000 
0.000000 0.000000 0.000000 0.000000 0.000000 0.000000 0.000000 0.000000 0.000000 0.018182 0.018182 0.127273 0.236364 0.327273 0.490909 0.636364 0.800000 0.836364 0.963636 1.000000 
0.008000 0.040000 0.096000 0.184000 0.336000 0.552000 0.736000 0.848000 0.936000 0.976000 1.000000 1.000000 1.000000 1.000000 1.000000 1.000000 1.000000 1.000000 1.000000 1.000000 
0.000000 0.000000 0.000000 0.000000 0.040816 0.081633 0.102041 0.204082 0.326531 0.346939 0.448980 0.632653 0.795918 0.836735 0.857143 0.897959 0.938776 0.959184 0.979592 1.000000 
0.008621 0.025862 0.129310 0.275862 0.560345 0.818966 0.896552 0.965517 0.982759 0.982759 0.991379 1.000000 1.000000 1.000000 1.000000 1.000000 1.000000 1.000000 1.000000 1.000000 
0.000000 0.000000 0.000000 0.000000 0.000000 0.000000 0.000000 0.017241 0.017241 0.086207 0.172414 0.258621 0.396552 0.551724 0.689655 0.793103 0.931034 0.965517 0.982759 1.000000 
