0.018519 0.074074 0.185185 0.296296 0.462963 0.629630 0.740741 0.833333 0.870370 0.888889 0.981481 0.981481 1.000000 1.000000 1.000000 1.000000 1.000000 1.000000 1.000000 1.000000 
0.000000 0.000000 0.000000 0.000000 0.000000 0.000000 0.000000 0.000000 0.000000 0.000000 0.000000 0.000000 0.018519 0.092593 0.166667 0.333333 0.425926 0.703704 0.944444 1.000000 
0.020000 0.080000 0.140000 0.280000 0.420000 0.480000 0.520000 0.600000 0.660000 0.740000 0.880000 0.960000 0.980000 0.980000 0.980000 1.000000 1.000000 1.000000 1.000000 1.000000 
0.000000 0.000000 0.000000 0.000000 0.000000 0.000000 0.000000 0.000000 0.000000 0.000000 0.000000 0.000000 0.000000 0.017241 0.086207 0.344828 0.568966 0.827586 0.948276 1.000000 
0.017241 0.086207 0.120690 0.172414 0.241379 0.379310 0.465517 0.568966 0.620690 0.689655 0.810345 0.913793 0.982759 0.982759 1.000000 1.000000 1.000000 1.000000 1.000000 1.000000 
0.000000 0.000000 0.000000 0.000000 0.000000 0.000000 0.000000 0.000000 0.000000 0.000000 0.000000 0.000000 0.000000 0.020000 0.080000 0.220000 0.520000 0.800000 0.940000 1.000000 
0.020000 0.160000 0.300000 0.420000 0.520000 0.580000 0.620000 0.640000 0.700000 0.780000 0.880000 0.960000 0.960000 0.980000 1.000000 1.000000 1.000000 1.000000 1.000000 1.000000 
0.000000 0.000000 0.000000 0.000000 0.000000 0.000000 0.000000 0.000000 0.000000 0.000000 0.000000 0.000000 0.034483 0.103448 0.224138 0.431034 0.758621 0.896552 0.965517 1.000000 
0.017241 0.120690 0.241379 0.379310 0.500000 0.620690 0.724138 0.793103 0.827586 0.896552 0.948276 0.982759 1.000000 1.000000 1.000000 1.000000 1.000000 1.000000 1.000000 1.000000 
0.000000 0.000000 0.000000 0.000000 0.000000 0.000000 0.000000 0.000000 0.000000 0.000000 0.020000 0.020000 0.060000 0.160000 0.260000 0.460000 0.720000 0.820000 0.920000 1.000000 
0.017241 0.086207 0.120690 0.224138 0.310345 0.362069 0.500000 0.551724 0.689655 0.741379 0.810345 0.862069 0.965517 0.965517 0.982759 1.000000 1.000000 1.000000 1.000000 1.000000 
0.000000 0.000000 0.000000 0.000000 0.000000 0.000000 0.000000 0.000000 0.000000 0.000000 0.000000 0.000000 0.000000 0.000000 0.020000 0.080000 0.180000 0.520000 0.820000 1.000000 
0.020000 0.040000 0.120000 0.160000 0.240000 0.360000 0.460000 0.540000 0.580000 0.640000 0.760000 0.900000 0.940000 1.000000 1.000000 1.000000 1.000000 1.000000 1.000000 1.000000 
0.000000 0.000000 0.000000 0.000000 0.000000 0.000000 0.000000 0.000000 0.000000 0.000000 0.000000 0.000000 0.000000 0.000000 0.103448 0.362069 0.620690 0.844828 0.931034 1.000000 
0.020000 0.120000 0.180000 0.260000 0.280000 0.400000 0.480000 0.640000 0.740000 0.820000 0.860000 0.900000 0.940000 0.960000 0.960000 0.960000 0.980000 1.000000 1.000000 1.000000 
0.000000 0.000000 0.000000 0.000000 0.000000 0.000000 0.000000 0.000000 0.000000 0.000000 0.000000 0.017241 0.051724 0.068966 0.120690 0.379310 0.620690 0.758621 0.931034 1.000000 
0.018519 0.203704 0.277778 0.444444 0.555556 0.629630 0.796296 0.833333 0.870370 0.888889 0.925926 0.962963 1.000000 1.000000 1.000000 1.000000 1.000000 1.000000 1.000000 1.000000 
0.000000 0.000000 0.000000 0.000000 0.000000 0.000000 0.000000 0.000000 0.000000 0.000000 0.000000 0.055556 0.129630 0.240741 0.537037 0.796296 0.907407 0.981481 0.981481 1.000000 
0.020000 0.080000 0.140000 0.240000 0.300000 0.420000 0.500000 0.600000 0.700000 0.780000 0.840000 0.880000 0.960000 1.000000 1.000000 1.000000 1.000000 1.000000 1.000000 1.000000 
0.000000 0.000000 0.000000 0.000000 0.000000 0.000000 0.000000 0.000000 0.000000 0.000000 0.000000 0.000000 0.000000 0.000000 0.000000 0.051724 0.206897 0.586207 0.775862 1.000000 
0.017241 0.034483 0.086207 0.189655 0.275862 0.362069 0.482759 0.551724 0.741379 0.896552 0.948276 0.982759 1.000000 1.000000 1.000000 1.000000 1.000000 1.000000 1.000000 1.000000 
0.000000 0.000000 0.000000 0.000000 0.000000 0.000000 0.000000 0.000000 0.000000 0.000000 0.000000 0.000000 0.020000 0.160000 0.300000 0.500000 0.680000 0.860000 0.960000 1.000000 
0.020000 0.020000 0.140000 0.260000 0.400000 0.460000 0.540000 0.600000 0.740000 0.860000 0.940000 0.960000 1.000000 1.000000 1.000000 1.000000 1.000000 1.000000 1.000000 1.000000 
0.000000 0.000000 0.000000 0.000000 0.000000 0.000000 0.000000 0.000000 0.000000 0.000000 0.000000 0.000000 0.000000 0.000000 0.000000 0.051724 0.189655 0.465517 0.844828 1.000000 
0.018519 0.185185 0.425926 0.574074 0.648148 0.703704 0.759259 0.796296 0.833333 0.888889 0.925926 0.944444 0.981481 1.000000 1.000000 1.000000 1.000000 1.000000 1.000000 1.000000 
0.000000 0.000000 0.000000 0.000000 0.000000 0.000000 0.000000 0.000000 0.000000 0.000000 0.000000 0.000000 0.037037 0.037037 0.092593 0.277778 0.425926 0.703704 0.888889 1.000000 
0.017241 0.086207 0.275862 0.413793 0.500000 0.637931 0.655172 0.724138 0.724138 0.810345 0.913793 0.948276 0.982759 1.000000 1.000000 1.000000 1.000000 1.000000 1.000000 1.000000 
0.000000 0.000000 0.000000 0.000000 0.000000 0.000000 0.000000 0.000000 0.000000 0.000000 0.000000 0.000000 0.000000 0.000000 0.080000 0.180000 0.360000 0.640000 0.840000 1.000000 
0.017241 0.051724 0.137931 0.172414 0.224138 0.327586 0.448276 0.551724 0.620690 0.758621 0.879310 0.931034 0.948276 0.982759 0.982759 0.982759 1.000000 1.000000 1.000000 1.000000 
0.000000 0.000000 0.000000 0.000000 0.000000 0.000000 0.000000 0.000000 0.000000 0.000000 0.000000 0.000000 0.000000 0.120000 0.220000 0.300000 0.480000 0.700000 0.800000 1.000000 
0.017241 0.017241 0.086207 0.189655 0.224138 0.396552 0.517241 0.603448 0.775862 0.827586 0.879310 0.931034 0.965517 0.982759 1.000000 1.000000 1.000000 1.000000 1.000000 1.000000 
0.000000 0.000000 0.000000 0.000000 0.000000 0.000000 0.000000 0.000000 0.000000 0.000000 0.000000 0.000000 0.000000 0.020000 0.060000 0.160000 0.400000 0.660000 0.980000 1.000000 
0.017241 0.051724 0.086207 0.224138 0.310345 0.362069 0.465517 0.586207 0.603448 0.775862 0.879310 0.879310 0.982759 1.000000 1.000000 1.000000 1.000000 1.000000 1.000000 1.000000 
0.000000 0.000000 0.000000 0.000000 0.000000 0.000000 0.000000 0.000000 0.000000 0.000000 0.040000 0.080000 0.140000 0.240000 0.420000 0.680000 0.760000 0.820000 0.920000 1.000000 
0.018519 0.018519 0.037037 0.092593 0.203704 0.296296 0.425926 0.481481 0.537037 0.611111 0.629630 0.685185 0.759259 0.851852 0.888889 0.925926 0.944444 0.981481 1.000000 1.000000 
0.000000 0.000000 0.000000 0.000000 0.000000 0.000000 0.000000 0.000000 0.000000 0.000000 0.000000 0.000000 0.037037 0.148148 0.296296 0.537037 0.703704 0.796296 0.925926 1.000000 
0.017241 0.017241 0.137931 0.258621 0.465517 0.568966 0.620690 0.724138 0.741379 0.827586 0.896552 0.931034 0.965517 1.000000 1.000000 1.000000 1.000000 1.000000 1.000000 1.000000 
0.000000 0.000000 0.000000 0.000000 0.000000 0.000000 0.000000 0.000000 0.000000 0.000000 0.000000 0.000000 0.000000 0.020000 0.100000 0.180000 0.400000 0.640000 0.800000 1.000000 
0.020000 0.020000 0.040000 0.140000 0.220000 0.360000 0.440000 0.480000 0.480000 0.680000 0.720000 0.840000 0.860000 0.920000 0.940000 0.960000 0.980000 0.980000 0.980000 1.000000 
0.000000 0.000000 0.000000 0.000000 0.000000 0.000000 0.000000 0.000000 0.000000 0.000000 0.000000 0.000000 0.000000 0.086207 0.258621 0.362069 0.603448 0.844828 0.965517 1.000000 
0.017241 0.137931 0.293103 0.396552 0.465517 0.517241 0.586207 0.655172 0.758621 0.810345 0.913793 0.948276 0.965517 1.000000 1.000000 1.000000 1.000000 1.000000 1.000000 1.000000 
0.000000 0.000000 0.000000 0.000000 0.000000 0.000000 0.000000 0.000000 0.000000 0.000000 0.000000 0.040000 0.080000 0.200000 0.300000 0.400000 0.580000 0.720000 0.880000 1.000000 
0.020000 0.060000 0.100000 0.100000 0.180000 0.260000 0.360000 0.460000 0.640000 0.760000 0.780000 0.880000 0.900000 0.960000 0.980000 1.000000 1.000000 1.000000 1.000000 1.000000 
0.000000 0.000000 0.000000 0.000000 0.000000 0.000000 0.000000 0.000000 0.000000 0.000000 0.000000 0.000000 0.000000 0.034483 0.137931 0.379310 0.568966 0.844828 0.913793 1.000000 
0.020000 0.080000 0.140000 0.200000 0.320000 0.440000 0.520000 0.640000 0.700000 0.820000 0.920000 0.960000 0.980000 0.980000 0.980000 1.000000 1.000000 1.000000 1.000000 1.000000 
0.000000 0.000000 0.000000 0.000000 0.000000 0.000000 0.000000 0.000000 0.000000 0.000000 0.000000 0.000000 0.000000 0.017241 0.068966 0.275862 0.551724 0.741379 0.931034 1.000000 
0.018519 0.037037 0.185185 0.388889 0.555556 0.722222 0.796296 0.851852 0.888889 0.944444 0.962963 1.000000 1.000000 1.000000 1.000000 1.000000 1.000000 1.000000 1.000000 1.000000 
0.000000 0.000000 0.000000 0.000000 0.000000 0.000000 0.000000 0.000000 0.000000 0.000000 0.000000 0.000000 0.037037 0.055556 0.185185 0.462963 0.666667 0.759259 0.962963 1.000000 
0.017241 0.034483 0.120690 0.241379 0.379310 0.448276 0.517241 0.568966 0.672414 0.689655 0.793103 0.879310 0.948276 0.982759 0.982759 0.982759 0.982759 1.000000 1.000000 1.000000 
0.000000 0.000000 0.000000 0.000000 0.000000 0.000000 0.000000 0.000000 0.000000 0.000000 0.000000 0.020000 0.020000 0.100000 0.180000 0.320000 0.520000 0.800000 0.940000 1.000000 
0.018519 0.074074 0.166667 0.314815 0.500000 0.666667 0.740741 0.814815 0.907407 0.962963 0.962963 0.962963 1.000000 1.000000 1.000000 1.000000 1.000000 1.000000 1.000000 1.000000 
0.000000 0.000000 0.000000 0.000000 0.000000 0.000000 0.000000 0.000000 0.000000 0.000000 0.000000 0.018519 0.018519 0.074074 0.148148 0.314815 0.592593 0.740741 0.888889 1.000000 
0.020000 0.040000 0.140000 0.160000 0.180000 0.300000 0.380000 0.480000 0.560000 0.640000 0.720000 0.800000 0.860000 0.940000 0.960000 0.980000 1.000000 1.000000 1.000000 1.000000 
0.000000 0.000000 0.000000 0.000000 0.000000 0.000000 0.000000 0.000000 0.000000 0.000000 0.000000 0.017241 0.051724 0.155172 0.275862 0.603448 0.741379 0.862069 0.965517 1.000000 
0.020000 0.040000 0.080000 0.200000 0.340000 0.420000 0.520000 0.580000 0.660000 0.760000 0.780000 0.840000 0.920000 0.960000 0.960000 0.980000 1.000000 1.000000 1.000000 1.000000 
0.000000 0.000000 0.000000 0.000000 0.000000 0.000000 0.000000 0.000000 0.000000 0.000000 0.000000 0.000000 0.068966 0.155172 0.310345 0.568966 0.775862 0.931034 0.965517 1.000000 
0.020000 0.080000 0.120000 0.220000 0.280000 0.420000 0.540000 0.620000 0.740000 0.800000 0.820000 0.840000 0.900000 0.920000 0.960000 0.980000 0.980000 1.000000 1.000000 1.000000 
0.000000 0.000000 0.000000 0.000000 0.000000 0.000000 0.000000 0.000000 0.000000 0.000000 0.017241 0.034483 0.068966 0.172414 0.396552 0.500000 0.620690 0.775862 0.827586 1.000000 
0.018519 0.074074 0.111111 0.148148 0.240741 0.314815 0.388889 0.481481 0.537037 0.592593 0.685185 0.814815 0.870370 0.907407 0.981481 0.981481 0.981481 1.000000 1.000000 1.000000 
0.000000 0.000000 0.000000 0.000000 0.000000 0.000000 0.000000 0.000000 0.018519 0.018519 0.055556 0.166667 0.259259 0.481481 0.537037 0.703704 0.796296 0.888889 0.944444 1.000000 
0.020000 0.040000 0.200000 0.300000 0.420000 0.500000 0.560000 0.580000 0.740000 0.780000 0.920000 0.980000 1.000000 1.000000 1.000000 1.000000 1.000000 1.000000 1.000000 1.000000 
0.000000 0.000000 0.000000 0.000000 0.000000 0.000000 0.000000 0.000000 0.000000 0.000000 0.000000 0.000000 0.000000 0.000000 0.017241 0.051724 0.189655 0.534483 0.862069 1.000000 
0.017241 0.172414 0.224138 0.310345 0.362069 0.534483 0.586207 0.724138 0.793103 0.844828 0.879310 0.931034 0.982759 0.982759 0.982759 0.982759 1.000000 1.000000 1.000000 1.000000 
0.000000 0.000000 0.000000 0.000000 0.000000 0.000000 0.000000 0.000000 0.000000 0.000000 0.000000 0.020000 0.040000 0.100000 0.140000 0.280000 0.620000 0.880000 0.980000 1.000000 
0.018519 0.018519 0.055556 0.074074 0.185185 0.462963 0.537037 0.759259 0.833333 0.907407 0.925926 0.981481 1.000000 1.000000 1.000000 1.000000 1.000000 1.000000 1.000000 1.000000 
0.000000 0.000000 0.000000 0.000000 0.000000 0.000000 0.000000 0.000000 0.000000 0.000000 0.000000 0.000000 0.000000 0.018519 0.055556 0.203704 0.351852 0.648148 0.814815 1.000000 
0.017241 0.103448 0.293103 0.465517 0.568966 0.672414 0.672414 0.672414 0.741379 0.844828 0.913793 0.965517 1.000000 1.000000 1.000000 1.000000 1.000000 1.000000 1.000000 1.000000 
0.000000 0.000000 0.000000 0.000000 0.000000 0.000000 0.000000 0.000000 0.000000 0.000000 0.000000 0.020000 0.040000 0.100000 0.380000 0.540000 0.740000 0.900000 0.960000 1.000000 
0.020000 0.040000 0.060000 0.140000 0.220000 0.320000 0.400000 0.400000 0.520000 0.560000 0.740000 0.920000 0.960000 0.980000 0.980000 0.980000 1.000000 1.000000 1.000000 1.000000 
0.000000 0.000000 0.000000 0.000000 0.000000 0.000000 0.000000 0.000000 0.000000 0.000000 0.000000 0.017241 0.017241 0.086207 0.275862 0.482759 0.655172 0.844828 0.879310 1.000000 
0.020000 0.040000 0.040000 0.060000 0.100000 0.160000 0.180000 0.240000 0.300000 0.320000 0.440000 0.520000 0.740000 0.920000 0.960000 0.980000 1.000000 1.000000 1.000000 1.000000 
0.000000 0.000000 0.000000 0.000000 0.000000 0.000000 0.000000 0.000000 0.000000 0.000000 0.000000 0.068966 0.137931 0.241379 0.379310 0.586207 0.689655 0.862069 0.948276 1.000000 
0.018519 0.074074 0.166667 0.203704 0.240741 0.259259 0.277778 0.425926 0.592593 0.685185 0.777778 0.870370 0.888889 0.962963 0.981481 0.981481 0.981481 1.000000 1.000000 1.000000 
0.000000 0.000000 0.000000 0.000000 0.000000 0.000000 0.018519 0.018519 0.092593 0.092593 0.148148 0.222222 0.462963 0.703704 0.888889 0.962963 0.981481 0.981481 0.981481 1.000000 
0.018519 0.018519 0.055556 0.092593 0.129630 0.222222 0.277778 0.333333 0.370370 0.574074 0.759259 0.870370 0.962963 1.000000 1.000000 1.000000 1.000000 1.000000 1.000000 1.000000 
0.000000 0.000000 0.000000 0.000000 0.000000 0.000000 0.000000 0.037037 0.055556 0.074074 0.166667 0.240741 0.425926 0.722222 0.907407 0.944444 0.981481 0.981481 0.981481 1.000000 
0.018519 0.055556 0.074074 0.092593 0.092593 0.129630 0.129630 0.166667 0.203704 0.296296 0.351852 0.500000 0.537037 0.666667 0.759259 0.851852 0.907407 0.944444 0.944444 1.000000 
0.000000 0.000000 0.000000 0.000000 0.000000 0.000000 0.000000 0.000000 0.037037 0.037037 0.092593 0.259259 0.351852 0.592593 0.703704 0.833333 0.888889 0.944444 0.981481 1.000000 
0.018519 0.055556 0.055556 0.092593 0.185185 0.259259 0.333333 0.481481 0.518519 0.592593 0.740741 0.777778 0.907407 0.981481 0.981481 1.000000 1.000000 1.000000 1.000000 1.000000 
0.000000 0.000000 0.000000 0.000000 0.000000 0.000000 0.000000 0.037037 0.055556 0.074074 0.111111 0.296296 0.592593 0.740741 0.870370 0.925926 0.962963 0.981481 0.981481 1.000000 
0.018519 0.018519 0.037037 0.074074 0.111111 0.148148 0.185185 0.203704 0.277778 0.351852 0.500000 0.592593 0.648148 0.740741 0.796296 0.888889 0.962963 0.962963 0.981481 1.000000 
0.000000 0.000000 0.000000 0.000000 0.000000 0.000000 0.000000 0.000000 0.000000 0.018519 0.074074 0.129630 0.259259 0.481481 0.611111 0.685185 0.777778 0.833333 0.888889 1.000000 
0.018519 0.018519 0.055556 0.092593 0.185185 0.240741 0.240741 0.351852 0.518519 0.666667 0.777778 0.870370 0.925926 0.962963 0.981481 1.000000 1.000000 1.000000 1.000000 1.000000 
0.000000 0.000000 0.000000 0.000000 0.000000 0.000000 0.000000 0.000000 0.000000 0.000000 0.037037 0.148148 0.314815 0.555556 0.777778 0.888889 0.944444 0.981481 0.981481 1.000000 
0.018519 0.037037 0.037037 0.074074 0.092593 0.148148 0.222222 0.277778 0.425926 0.574074 0.685185 0.833333 0.888889 0.925926 0.981481 1.000000 1.000000 1.000000 1.000000 1.000000 
0.000000 0.000000 0.000000 0.000000 0.000000 0.000000 0.000000 0.000000 0.000000 0.000000 0.018519 0.018519 0.055556 0.240741 0.407407 0.611111 0.759259 0.907407 0.981481 1.000000 
0.017241 0.017241 0.086207 0.086207 0.206897 0.275862 0.310345 0.413793 0.534483 0.689655 0.775862 0.844828 0.896552 0.913793 1.000000 1.000000 1.000000 1.000000 1.000000 1.000000 
0.000000 0.000000 0.000000 0.000000 0.000000 0.000000 0.000000 0.000000 0.000000 0.040000 0.060000 0.200000 0.520000 0.700000 0.840000 0.880000 0.940000 0.980000 0.980000 1.000000 
0.017241 0.051724 0.172414 0.206897 0.413793 0.500000 0.603448 0.672414 0.775862 0.862069 0.913793 0.931034 1.000000 1.000000 1.000000 1.000000 1.000000 1.000000 1.000000 1.000000 
0.000000 0.000000 0.000000 0.000000 0.000000 0.000000 0.000000 0.000000 0.000000 0.000000 0.000000 0.000000 0.000000 0.020000 0.040000 0.120000 0.320000 0.600000 0.820000 1.000000 
0.020000 0.100000 0.180000 0.280000 0.440000 0.540000 0.680000 0.740000 0.820000 0.900000 0.940000 0.940000 0.980000 1.000000 1.000000 1.000000 1.000000 1.000000 1.000000 1.000000 
0.000000 0.000000 0.000000 0.000000 0.000000 0.000000 0.000000 0.000000 0.000000 0.000000 0.000000 0.000000 0.120690 0.310345 0.568966 0.758621 0.879310 0.931034 0.965517 1.000000 
0.017241 0.068966 0.120690 0.172414 0.206897 0.293103 0.431034 0.551724 0.637931 0.689655 0.810345 0.879310 0.913793 0.931034 0.965517 1.000000 1.000000 1.000000 1.000000 1.000000 
0.000000 0.000000 0.000000 0.000000 0.000000 0.020000 0.020000 0.020000 0.020000 0.040000 0.040000 0.080000 0.200000 0.260000 0.400000 0.560000 0.760000 0.880000 0.940000 1.000000 
0.017241 0.086207 0.120690 0.224138 0.448276 0.568966 0.689655 0.810345 0.931034 0.982759 0.982759 1.000000 1.000000 1.000000 1.000000 1.000000 1.000000 1.000000 1.000000 1.000000 
0.000000 0.000000 0.000000 0.000000 0.000000 0.000000 0.000000 0.000000 0.000000 0.020000 0.020000 0.020000 0.040000 0.180000 0.300000 0.460000 0.560000 0.780000 0.920000 1.000000 
0.017241 0.051724 0.068966 0.120690 0.172414 0.275862 0.396552 0.568966 0.603448 0.689655 0.758621 0.844828 0.931034 0.982759 1.000000 1.000000 1.000000 1.000000 1.000000 1.000000 
0.000000 0.000000 0.000000 0.000000 0.000000 0.000000 0.000000 0.000000 0.000000 0.000000 0.000000 0.000000 0.000000 0.000000 0.060000 0.180000 0.340000 0.760000 0.940000 1.000000 
0.020000 0.060000 0.120000 0.240000 0.320000 0.400000 0.600000 0.740000 0.880000 0.940000 0.980000 0.980000 0.980000 0.980000 0.980000 1.000000 1.000000 1.000000 1.000000 1.000000 
0.000000 0.000000 0.000000 0.000000 0.000000 0.000000 0.000000 0.000000 0.000000 0.000000 0.000000 0.000000 0.000000 0.000000 0.068966 0.293103 0.517241 0.741379 0.896552 1.000000 
0.020000 0.060000 0.140000 0.280000 0.340000 0.440000 0.500000 0.600000 0.640000 0.720000 0.760000 0.800000 0.940000 0.980000 0.980000 1.000000 1.000000 1.000000 1.000000 1.000000 
0.000000 0.000000 0.000000 0.000000 0.000000 0.000000 0.000000 0.000000 0.000000 0.000000 0.000000 0.000000 0.000000 0.051724 0.120690 0.448276 0.689655 0.931034 0.982759 1.000000 
0.018519 0.037037 0.092593 0.203704 0.388889 0.518519 0.648148 0.777778 0.944444 0.944444 1.000000 1.000000 1.000000 1.000000 1.000000 1.000000 1.000000 1.000000 1.000000 1.000000 
0.000000 0.000000 0.000000 0.000000 0.000000 0.000000 0.000000 0.000000 0.000000 0.000000 0.000000 0.000000 0.000000 0.074074 0.129630 0.296296 0.592593 0.814815 0.925926 1.000000 
0.018519 0.074074 0.277778 0.388889 0.555556 0.685185 0.777778 0.870370 0.962963 0.962963 0.962963 0.981481 1.000000 1.000000 1.000000 1.000000 1.000000 1.000000 1.000000 1.000000 
0.000000 0.000000 0.000000 0.000000 0.000000 0.000000 0.000000 0.000000 0.000000 0.000000 0.000000 0.018519 0.037037 0.055556 0.055556 0.129630 0.388889 0.611111 0.925926 1.000000 
0.020000 0.100000 0.160000 0.260000 0.380000 0.420000 0.540000 0.620000 0.680000 0.780000 0.860000 0.920000 1.000000 1.000000 1.000000 1.000000 1.000000 1.000000 1.000000 1.000000 
0.000000 0.000000 0.000000 0.000000 0.000000 0.000000 0.000000 0.000000 0.000000 0.000000 0.000000 0.000000 0.000000 0.000000 0.017241 0.034483 0.258621 0.551724 0.793103 1.000000 
0.020000 0.080000 0.220000 0.300000 0.380000 0.480000 0.620000 0.720000 0.800000 0.880000 0.960000 0.980000 1.000000 1.000000 1.000000 1.000000 1.000000 1.000000 1.000000 1.000000 
0.000000 0.000000 0.000000 0.000000 0.000000 0.000000 0.000000 0.000000 0.000000 0.000000 0.000000 0.000000 0.000000 0.017241 0.120690 0.310345 0.655172 0.862069 0.982759 1.000000 
0.017241 0.137931 0.224138 0.379310 0.500000 0.551724 0.672414 0.793103 0.862069 0.948276 0.965517 1.000000 1.000000 1.000000 1.000000 1.000000 1.000000 1.000000 1.000000 1.000000 
0.000000 0.000000 0.000000 0.000000 0.000000 0.000000 0.000000 0.000000 0.000000 0.000000 0.000000 0.000000 0.000000 0.080000 0.300000 0.460000 0.720000 0.880000 0.940000 1.000000 
0.020000 0.040000 0.180000 0.340000 0.560000 0.640000 0.740000 0.860000 0.960000 1.000000 1.000000 1.000000 1.000000 1.000000 1.000000 1.000000 1.000000 1.000000 1.000000 1.000000 
0.000000 0.000000 0.000000 0.000000 0.000000 0.000000 0.000000 0.000000 0.000000 0.000000 0.000000 0.017241 0.034483 0.103448 0.258621 0.568966 0.758621 0.896552 0.965517 1.000000 
0.020000 0.080000 0.160000 0.280000 0.440000 0.520000 0.640000 0.760000 0.800000 0.940000 0.940000 0.980000 0.980000 1.000000 1.000000 1.000000 1.000000 1.000000 1.000000 1.000000 
0.000000 0.000000 0.000000 0.000000 0.000000 0.000000 0.000000 0.000000 0.000000 0.000000 0.000000 0.000000 0.017241 0.086207 0.275862 0.551724 0.775862 0.879310 0.948276 1.000000 
0.018519 0.074074 0.148148 0.314815 0.388889 0.518519 0.611111 0.666667 0.777778 0.833333 0.870370 0.888889 0.925926 0.981481 0.981481 1.000000 1.000000 1.000000 1.000000 1.000000 
0.000000 0.000000 0.000000 0.000000 0.000000 0.000000 0.000000 0.000000 0.000000 0.000000 0.000000 0.074074 0.166667 0.314815 0.537037 0.759259 0.925926 0.962963 0.962963 1.000000 
0.020000 0.080000 0.120000 0.220000 0.320000 0.480000 0.540000 0.660000 0.780000 0.840000 0.900000 0.960000 0.980000 1.000000 1.000000 1.000000 1.000000 1.000000 1.000000 1.000000 
0.000000 0.000000 0.000000 0.000000 0.000000 0.000000 0.000000 0.000000 0.000000 0.000000 0.000000 0.000000 0.000000 0.068966 0.155172 0.310345 0.586207 0.741379 0.913793 1.000000 
0.018519 0.111111 0.148148 0.166667 0.314815 0.444444 0.611111 0.666667 0.703704 0.833333 0.907407 0.944444 0.981481 0.981481 1.000000 1.000000 1.000000 1.000000 1.000000 1.000000 
0.000000 0.000000 0.000000 0.000000 0.000000 0.000000 0.000000 0.000000 0.000000 0.000000 0.000000 0.000000 0.037037 0.074074 0.203704 0.407407 0.648148 0.851852 0.944444 1.000000 
0.018519 0.018519 0.111111 0.166667 0.185185 0.277778 0.351852 0.462963 0.555556 0.592593 0.685185 0.777778 0.888889 0.888889 0.944444 0.962963 0.981481 1.000000 1.000000 1.000000 
0.000000 0.000000 0.000000 0.000000 0.000000 0.000000 0.000000 0.000000 0.000000 0.000000 0.000000 0.018519 0.018519 0.129630 0.240741 0.537037 0.703704 0.814815 0.944444 1.000000 
0.020000 0.040000 0.100000 0.200000 0.260000 0.340000 0.420000 0.600000 0.740000 0.820000 0.900000 0.940000 0.980000 1.000000 1.000000 1.000000 1.000000 1.000000 1.000000 1.000000 
0.000000 0.000000 0.000000 0.000000 0.000000 0.000000 0.000000 0.000000 0.000000 0.000000 0.000000 0.034483 0.051724 0.172414 0.586207 0.844828 0.948276 0.982759 0.982759 1.000000 
0.017241 0.068966 0.172414 0.293103 0.465517 0.534483 0.586207 0.655172 0.706897 0.775862 0.896552 0.982759 1.000000 1.000000 1.000000 1.000000 1.000000 1.000000 1.000000 1.000000 
0.000000 0.000000 0.000000 0.000000 0.000000 0.000000 0.000000 0.000000 0.000000 0.000000 0.000000 0.000000 0.020000 0.040000 0.220000 0.300000 0.580000 0.700000 0.920000 1.000000 
0.020000 0.040000 0.080000 0.100000 0.160000 0.360000 0.440000 0.540000 0.640000 0.780000 0.920000 0.980000 1.000000 1.000000 1.000000 1.000000 1.000000 1.000000 1.000000 1.000000 
0.000000 0.000000 0.000000 0.000000 0.000000 0.000000 0.000000 0.000000 0.000000 0.000000 0.000000 0.000000 0.000000 0.000000 0.034483 0.172414 0.327586 0.568966 0.827586 1.000000 
0.017241 0.017241 0.068966 0.206897 0.344828 0.517241 0.568966 0.603448 0.655172 0.706897 0.793103 0.896552 0.931034 0.982759 0.982759 0.982759 0.982759 1.000000 1.000000 1.000000 
0.000000 0.000000 0.000000 0.000000 0.000000 0.000000 0.000000 0.000000 0.000000 0.000000 0.000000 0.000000 0.020000 0.100000 0.280000 0.520000 0.660000 0.880000 0.980000 1.000000 
0.020000 0.100000 0.180000 0.260000 0.440000 0.560000 0.800000 0.860000 0.920000 0.960000 1.000000 1.000000 1.000000 1.000000 1.000000 1.000000 1.000000 1.000000 1.000000 1.000000 
0.000000 0.000000 0.000000 0.000000 0.000000 0.000000 0.000000 0.000000 0.000000 0.000000 0.000000 0.000000 0.000000 0.034483 0.068966 0.103448 0.448276 0.741379 0.965517 1.000000 
0.020000 0.100000 0.140000 0.320000 0.440000 0.540000 0.600000 0.680000 0.720000 0.780000 0.880000 0.940000 0.960000 0.960000 0.980000 1.000000 1.000000 1.000000 1.000000 1.000000 
0.000000 0.000000 0.000000 0.000000 0.000000 0.000000 0.000000 0.000000 0.000000 0.000000 0.000000 0.000000 0.000000 0.051724 0.224138 0.448276 0.620690 0.862069 0.948276 1.000000 
0.020000 0.120000 0.200000 0.220000 0.340000 0.440000 0.600000 0.660000 0.760000 0.840000 0.920000 0.960000 1.000000 1.000000 1.000000 1.000000 1.000000 1.000000 1.000000 1.000000 
0.000000 0.000000 0.000000 0.000000 0.000000 0.000000 0.000000 0.000000 0.000000 0.000000 0.000000 0.000000 0.000000 0.000000 0.017241 0.120690 0.362069 0.672414 0.879310 1.000000 
0.018519 0.111111 0.203704 0.370370 0.462963 0.574074 0.611111 0.703704 0.833333 0.925926 0.944444 0.981481 1.000000 1.000000 1.000000 1.000000 1.000000 1.000000 1.000000 1.000000 
0.000000 0.000000 0.000000 0.000000 0.000000 0.000000 0.000000 0.000000 0.000000 0.000000 0.000000 0.000000 0.000000 0.055556 0.074074 0.203704 0.425926 0.629630 0.796296 1.000000 
0.020000 0.040000 0.060000 0.080000 0.220000 0.320000 0.400000 0.520000 0.640000 0.700000 0.740000 0.800000 0.840000 0.920000 0.980000 1.000000 1.000000 1.000000 1.000000 1.000000 
0.000000 0.000000 0.000000 0.000000 0.000000 0.000000 0.000000 0.000000 0.000000 0.000000 0.000000 0.000000 0.051724 0.206897 0.327586 0.482759 0.655172 0.793103 0.879310 1.000000 
0.017241 0.017241 0.034483 0.051724 0.068966 0.086207 0.103448 0.206897 0.310345 0.413793 0.534483 0.586207 0.724138 0.810345 0.862069 0.965517 0.982759 0.982759 0.982759 1.000000 
0.000000 0.000000 0.000000 0.000000 0.000000 0.000000 0.000000 0.000000 0.000000 0.000000 0.000000 0.000000 0.000000 0.120000 0.320000 0.480000 0.660000 0.920000 0.920000 1.000000 
0.018519 0.018519 0.018519 0.018519 0.037037 0.129630 0.185185 0.314815 0.407407 0.462963 0.537037 0.685185 0.796296 0.870370 0.944444 0.981481 1.000000 1.000000 1.000000 1.000000 
0.000000 0.000000 0.000000 0.000000 0.000000 0.000000 0.000000 0.000000 0.000000 0.018519 0.018519 0.037037 0.074074 0.296296 0.500000 0.685185 0.833333 0.925926 0.925926 1.000000 
0.018519 0.018519 0.018519 0.018519 0.055556 0.129630 0.185185 0.240741 0.333333 0.462963 0.555556 0.703704 0.814815 0.944444 0.962963 0.981481 1.000000 1.000000 1.000000 1.000000 
0.000000 0.000000 0.000000 0.000000 0.000000 0.000000 0.000000 0.018519 0.018519 0.055556 0.111111 0.240741 0.500000 0.703704 0.814815 0.944444 0.981481 0.981481 0.981481 1.000000 
0.020000 0.020000 0.040000 0.100000 0.120000 0.160000 0.200000 0.240000 0.280000 0.300000 0.400000 0.460000 0.560000 0.720000 0.760000 0.860000 0.900000 0.920000 0.980000 1.000000 
0.000000 0.000000 0.000000 0.000000 0.000000 0.000000 0.000000 0.000000 0.000000 0.000000 0.034483 0.051724 0.206897 0.379310 0.620690 0.758621 0.896552 0.931034 0.982759 1.000000 
0.018519 0.018519 0.018519 0.037037 0.055556 0.092593 0.129630 0.222222 0.240741 0.370370 0.444444 0.555556 0.722222 0.814815 0.888889 0.962963 0.981481 1.000000 1.000000 1.000000 
0.000000 0.000000 0.000000 0.000000 0.000000 0.000000 0.000000 0.000000 0.000000 0.000000 0.000000 0.018519 0.222222 0.500000 0.648148 0.833333 0.944444 0.981481 0.981481 1.000000 
0.018519 0.018519 0.037037 0.074074 0.148148 0.185185 0.259259 0.333333 0.444444 0.518519 0.611111 0.685185 0.740741 0.777778 0.870370 0.944444 0.981481 0.981481 0.981481 1.000000 
0.000000 0.000000 0.000000 0.000000 0.000000 0.000000 0.000000 0.018519 0.037037 0.092593 0.148148 0.259259 0.370370 0.462963 0.574074 0.740741 0.833333 0.944444 0.962963 1.000000 
0.017241 0.017241 0.086207 0.103448 0.137931 0.258621 0.413793 0.517241 0.689655 0.793103 0.862069 0.913793 0.965517 0.965517 1.000000 1.000000 1.000000 1.000000 1.000000 1.000000 
0.000000 0.000000 0.000000 0.000000 0.000000 0.000000 0.000000 0.000000 0.000000 0.000000 0.000000 0.000000 0.020000 0.120000 0.180000 0.420000 0.720000 0.920000 0.980000 1.000000 
0.018519 0.018519 0.037037 0.055556 0.074074 0.074074 0.074074 0.111111 0.166667 0.259259 0.388889 0.500000 0.685185 0.814815 0.870370 0.962963 0.981481 1.000000 1.000000 1.000000 
0.000000 0.000000 0.000000 0.000000 0.000000 0.000000 0.000000 0.000000 0.000000 0.000000 0.000000 0.000000 0.018519 0.055556 0.185185 0.481481 0.703704 0.870370 0.925926 1.000000 
0.018519 0.037037 0.092593 0.148148 0.185185 0.222222 0.333333 0.388889 0.518519 0.629630 0.703704 0.777778 0.851852 0.851852 0.870370 0.962963 1.000000 1.000000 1.000000 1.000000 
0.000000 0.000000 0.000000 0.000000 0.000000 0.000000 0.000000 0.000000 0.074074 0.129630 0.259259 0.370370 0.518519 0.685185 0.833333 0.907407 0.981481 0.981481 0.981481 1.000000 
0.020000 0.040000 0.080000 0.140000 0.200000 0.240000 0.260000 0.440000 0.480000 0.540000 0.600000 0.660000 0.780000 0.840000 0.900000 0.960000 0.960000 0.960000 0.980000 1.000000 
0.000000 0.000000 0.000000 0.000000 0.000000 0.000000 0.000000 0.000000 0.000000 0.000000 0.017241 0.017241 0.068966 0.172414 0.258621 0.568966 0.844828 0.913793 0.982759 1.000000 
0.020000 0.060000 0.120000 0.260000 0.400000 0.460000 0.500000 0.520000 0.600000 0.700000 0.860000 0.940000 0.980000 1.000000 1.000000 1.000000 1.000000 1.000000 1.000000 1.000000 
0.000000 0.000000 0.000000 0.000000 0.000000 0.000000 0.000000 0.000000 0.000000 0.000000 0.034483 0.086207 0.155172 0.310345 0.500000 0.637931 0.844828 0.896552 0.965517 1.000000 
0.020000 0.040000 0.100000 0.280000 0.460000 0.640000 0.720000 0.840000 0.920000 0.920000 0.960000 0.960000 0.980000 1.000000 1.000000 1.000000 1.000000 1.000000 1.000000 1.000000 
0.000000 0.000000 0.000000 0.000000 0.000000 0.000000 0.000000 0.000000 0.017241 0.034483 0.068966 0.137931 0.310345 0.482759 0.620690 0.827586 0.896552 0.931034 0.965517 1.000000 
0.018519 0.055556 0.129630 0.185185 0.203704 0.259259 0.277778 0.425926 0.555556 0.703704 0.759259 0.870370 0.962963 0.962963 1.000000 1.000000 1.000000 1.000000 1.000000 1.000000 
0.000000 0.000000 0.000000 0.000000 0.000000 0.000000 0.000000 0.000000 0.000000 0.000000 0.000000 0.000000 0.074074 0.166667 0.370370 0.518519 0.648148 0.740741 0.888889 1.000000 
0.020000 0.140000 0.340000 0.460000 0.600000 0.680000 0.740000 0.860000 0.920000 0.940000 0.960000 0.980000 0.980000 1.000000 1.000000 1.000000 1.000000 1.000000 1.000000 1.000000 
0.000000 0.000000 0.000000 0.000000 0.000000 0.017241 0.034483 0.086207 0.137931 0.172414 0.258621 0.327586 0.465517 0.603448 0.689655 0.775862 0.827586 0.844828 0.931034 1.000000 
0.020000 0.040000 0.060000 0.120000 0.200000 0.400000 0.620000 0.800000 0.900000 0.960000 0.980000 0.980000 0.980000 1.000000 1.000000 1.000000 1.000000 1.000000 1.000000 1.000000 
0.000000 0.000000 0.000000 0.000000 0.000000 0.000000 0.000000 0.000000 0.017241 0.103448 0.206897 0.344828 0.413793 0.465517 0.568966 0.706897 0.793103 0.827586 0.931034 1.000000 
0.020000 0.080000 0.160000 0.320000 0.540000 0.660000 0.780000 0.820000 0.860000 0.920000 0.920000 0.980000 0.980000 0.980000 1.000000 1.000000 1.000000 1.000000 1.000000 1.000000 
0.000000 0.000000 0.000000 0.000000 0.000000 0.000000 0.000000 0.000000 0.000000 0.000000 0.000000 0.034483 0.068966 0.206897 0.396552 0.517241 0.637931 0.827586 0.896552 1.000000 
0.017241 0.034483 0.034483 0.068966 0.120690 0.206897 0.258621 0.327586 0.465517 0.586207 0.741379 0.948276 1.000000 1.000000 1.000000 1.000000 1.000000 1.000000 1.000000 1.000000 
0.000000 0.000000 0.000000 0.000000 0.000000 0.040000 0.100000 0.100000 0.180000 0.300000 0.380000 0.560000 0.600000 0.720000 0.740000 0.860000 0.900000 0.920000 0.920000 1.000000 
0.020000 0.100000 0.160000 0.180000 0.360000 0.460000 0.680000 0.820000 0.880000 0.940000 0.980000 1.000000 1.000000 1.000000 1.000000 1.000000 1.000000 1.000000 1.000000 1.000000 
0.000000 0.000000 0.000000 0.000000 0.000000 0.000000 0.051724 0.068966 0.120690 0.206897 0.275862 0.344828 0.500000 0.551724 0.706897 0.706897 0.775862 0.896552 0.913793 1.000000 
0.018519 0.129630 0.351852 0.481481 0.629630 0.740741 0.796296 0.907407 0.944444 0.944444 0.981481 0.981481 0.981481 1.000000 1.000000 1.000000 1.000000 1.000000 1.000000 1.000000 
0.000000 0.000000 0.000000 0.000000 0.000000 0.000000 0.000000 0.000000 0.000000 0.000000 0.055556 0.092593 0.166667 0.277778 0.407407 0.555556 0.740741 0.814815 0.907407 1.000000 
0.018519 0.018519 0.055556 0.148148 0.296296 0.388889 0.518519 0.574074 0.648148 0.740741 0.814815 0.944444 0.962963 0.981481 0.981481 1.000000 1.000000 1.000000 1.000000 1.000000 
0.000000 0.000000 0.000000 0.000000 0.000000 0.000000 0.000000 0.000000 0.018519 0.018519 0.074074 0.166667 0.240741 0.296296 0.388889 0.518519 0.685185 0.777778 0.944444 1.000000 
0.018519 0.055556 0.129630 0.203704 0.333333 0.518519 0.685185 0.796296 0.851852 0.907407 0.962963 0.981481 1.000000 1.000000 1.000000 1.000000 1.000000 1.000000 1.000000 1.000000 
0.000000 0.000000 0.000000 0.000000 0.000000 0.000000 0.000000 0.000000 0.000000 0.000000 0.018519 0.055556 0.129630 0.240741 0.314815 0.481481 0.592593 0.851852 0.962963 1.000000 
0.017241 0.086207 0.137931 0.206897 0.275862 0.465517 0.586207 0.706897 0.793103 0.913793 0.948276 0.982759 1.000000 1.000000 1.000000 1.000000 1.000000 1.000000 1.000000 1.000000 
0.000000 0.000000 0.000000 0.000000 0.000000 0.000000 0.020000 0.020000 0.020000 0.040000 0.160000 0.260000 0.360000 0.420000 0.520000 0.620000 0.760000 0.880000 0.920000 1.000000 
0.020000 0.020000 0.040000 0.060000 0.160000 0.260000 0.360000 0.500000 0.660000 0.780000 0.820000 0.860000 0.920000 0.920000 0.960000 0.980000 1.000000 1.000000 1.000000 1.000000 
0.000000 0.000000 0.000000 0.000000 0.000000 0.000000 0.000000 0.017241 0.068966 0.172414 0.189655 0.275862 0.362069 0.431034 0.551724 0.586207 0.672414 0.793103 0.913793 1.000000 
0.020000 0.080000 0.160000 0.240000 0.360000 0.420000 0.600000 0.820000 0.860000 0.940000 0.960000 0.960000 0.980000 0.980000 0.980000 0.980000 1.000000 1.000000 1.000000 1.000000 
0.000000 0.000000 0.000000 0.000000 0.000000 0.000000 0.000000 0.017241 0.017241 0.086207 0.120690 0.258621 0.379310 0.517241 0.620690 0.741379 0.810345 0.862069 0.913793 1.000000 
0.018519 0.037037 0.129630 0.314815 0.537037 0.648148 0.814815 0.851852 0.925926 0.925926 0.981481 0.981481 0.981481 0.981481 0.981481 0.981481 1.000000 1.000000 1.000000 1.000000 
0.000000 0.000000 0.000000 0.000000 0.000000 0.000000 0.000000 0.000000 0.000000 0.037037 0.074074 0.148148 0.296296 0.407407 0.481481 0.555556 0.722222 0.796296 0.925926 1.000000 
0.017241 0.068966 0.120690 0.172414 0.275862 0.465517 0.637931 0.706897 0.741379 0.827586 0.913793 0.965517 0.982759 1.000000 1.000000 1.000000 1.000000 1.000000 1.000000 1.000000 
0.000000 0.000000 0.000000 0.000000 0.000000 0.000000 0.000000 0.000000 0.020000 0.080000 0.140000 0.260000 0.320000 0.460000 0.700000 0.740000 0.880000 0.980000 0.980000 1.000000 
0.018519 0.037037 0.092593 0.166667 0.351852 0.537037 0.722222 0.814815 0.870370 0.907407 0.925926 0.962963 0.981481 1.000000 1.000000 1.000000 1.000000 1.000000 1.000000 1.000000 
0.000000 0.000000 0.000000 0.000000 0.000000 0.000000 0.000000 0.000000 0.000000 0.000000 0.018519 0.055556 0.185185 0.351852 0.462963 0.666667 0.777778 0.888889 0.925926 1.000000 
0.020000 0.040000 0.120000 0.180000 0.420000 0.640000 0.720000 0.840000 0.900000 0.920000 0.980000 0.980000 1.000000 1.000000 1.000000 1.000000 1.000000 1.000000 1.000000 1.000000 
0.000000 0.000000 0.000000 0.000000 0.000000 0.000000 0.000000 0.017241 0.017241 0.051724 0.172414 0.275862 0.379310 0.482759 0.620690 0.775862 0.810345 0.896552 0.982759 1.000000 
0.018519 0.055556 0.185185 0.277778 0.351852 0.462963 0.592593 0.648148 0.759259 0.814815 0.870370 0.944444 0.981481 0.981481 0.981481 0.981481 0.981481 1.000000 1.000000 1.000000 
0.000000 0.000000 0.000000 0.000000 0.000000 0.000000 0.000000 0.000000 0.000000 0.000000 0.000000 0.018519 0.055556 0.092593 0.148148 0.296296 0.518519 0.611111 0.777778 1.000000 
0.020000 0.140000 0.280000 0.440000 0.560000 0.700000 0.780000 0.840000 0.900000 0.940000 0.940000 0.960000 0.980000 0.980000 0.980000 1.000000 1.000000 1.000000 1.000000 1.000000 
0.000000 0.000000 0.000000 0.000000 0.000000 0.000000 0.000000 0.000000 0.000000 0.017241 0.068966 0.137931 0.275862 0.465517 0.568966 0.689655 0.758621 0.879310 0.931034 1.000000 
0.018519 0.166667 0.259259 0.481481 0.555556 0.666667 0.703704 0.777778 0.851852 0.944444 0.944444 0.944444 0.962963 1.000000 1.000000 1.000000 1.000000 1.000000 1.000000 1.000000 
0.000000 0.000000 0.000000 0.000000 0.000000 0.000000 0.000000 0.000000 0.000000 0.000000 0.000000 0.000000 0.037037 0.203704 0.425926 0.666667 0.777778 0.870370 0.944444 1.000000 
0.017241 0.155172 0.293103 0.448276 0.586207 0.689655 0.775862 0.844828 0.896552 0.931034 0.982759 0.982759 0.982759 1.000000 1.000000 1.000000 1.000000 1.000000 1.000000 1.000000 
0.000000 0.000000 0.000000 0.000000 0.000000 0.000000 0.000000 0.000000 0.000000 0.000000 0.020000 0.060000 0.120000 0.260000 0.400000 0.560000 0.720000 0.820000 0.860000 1.000000 
0.018519 0.074074 0.166667 0.296296 0.388889 0.574074 0.703704 0.777778 0.851852 0.888889 0.944444 0.962963 1.000000 1.000000 1.000000 1.000000 1.000000 1.000000 1.000000 1.000000 
0.000000 0.000000 0.000000 0.000000 0.000000 0.000000 0.000000 0.000000 0.000000 0.000000 0.000000 0.092593 0.166667 0.314815 0.425926 0.574074 0.685185 0.796296 0.907407 1.000000 
0.020000 0.120000 0.160000 0.320000 0.480000 0.680000 0.820000 0.880000 0.920000 0.960000 0.980000 0.980000 0.980000 0.980000 0.980000 1.000000 1.000000 1.000000 1.000000 1.000000 
0.000000 0.000000 0.000000 0.000000 0.000000 0.000000 0.000000 0.000000 0.034483 0.103448 0.172414 0.344828 0.465517 0.586207 0.655172 0.775862 0.862069 0.879310 0.913793 1.000000 
0.017241 0.068966 0.103448 0.137931 0.241379 0.362069 0.431034 0.534483 0.706897 0.810345 0.913793 0.948276 1.000000 1.000000 1.000000 1.000000 1.000000 1.000000 1.000000 1.000000 
0.000000 0.000000 0.000000 0.000000 0.000000 0.000000 0.000000 0.000000 0.000000 0.000000 0.000000 0.000000 0.040000 0.120000 0.260000 0.420000 0.540000 0.780000 0.880000 1.000000 
0.020000 0.200000 0.260000 0.420000 0.500000 0.600000 0.700000 0.780000 0.820000 0.880000 0.900000 0.940000 0.940000 0.980000 1.000000 1.000000 1.000000 1.000000 1.000000 1.000000 
0.000000 0.000000 0.000000 0.000000 0.000000 0.000000 0.000000 0.000000 0.000000 0.000000 0.000000 0.000000 0.034483 0.206897 0.344828 0.534483 0.689655 0.862069 0.913793 1.000000 
0.018519 0.111111 0.277778 0.407407 0.574074 0.685185 0.796296 0.851852 0.870370 0.925926 0.962963 1.000000 1.000000 1.000000 1.000000 1.000000 1.000000 1.000000 1.000000 1.000000 
0.000000 0.000000 0.000000 0.000000 0.000000 0.000000 0.000000 0.000000 0.000000 0.000000 0.000000 0.000000 0.055556 0.277778 0.388889 0.518519 0.648148 0.777778 0.851852 1.000000 
0.018519 0.092593 0.240741 0.351852 0.537037 0.648148 0.722222 0.814815 0.925926 0.962963 0.962963 0.981481 1.000000 1.000000 1.000000 1.000000 1.000000 1.000000 1.000000 1.000000 
0.000000 0.000000 0.000000 0.000000 0.000000 0.000000 0.000000 0.000000 0.000000 0.000000 0.074074 0.111111 0.277778 0.518519 0.629630 0.740741 0.851852 0.925926 0.944444 1.000000 
0.018519 0.074074 0.166667 0.277778 0.425926 0.481481 0.611111 0.666667 0.777778 0.814815 0.907407 0.944444 0.944444 0.944444 0.981481 1.000000 1.000000 1.000000 1.000000 1.000000 
0.000000 0.000000 0.000000 0.000000 0.000000 0.000000 0.000000 0.000000 0.000000 0.000000 0.000000 0.000000 0.018519 0.037037 0.111111 0.296296 0.407407 0.703704 0.888889 1.000000 
0.017241 0.103448 0.293103 0.379310 0.482759 0.517241 0.637931 0.741379 0.793103 0.862069 0.896552 0.982759 1.000000 1.000000 1.000000 1.000000 1.000000 1.000000 1.000000 1.000000 
0.000000 0.000000 0.000000 0.000000 0.000000 0.000000 0.000000 0.000000 0.000000 0.000000 0.000000 0.020000 0.120000 0.180000 0.300000 0.420000 0.620000 0.760000 0.860000 1.000000 
0.018519 0.148148 0.222222 0.388889 0.574074 0.703704 0.740741 0.870370 0.907407 0.925926 0.962963 0.962963 0.962963 0.981481 1.000000 1.000000 1.000000 1.000000 1.000000 1.000000 
0.000000 0.000000 0.000000 0.000000 0.000000 0.000000 0.000000 0.000000 0.000000 0.000000 0.000000 0.018519 0.111111 0.277778 0.425926 0.611111 0.740741 0.833333 0.888889 1.000000 
0.017241 0.068966 0.120690 0.258621 0.379310 0.517241 0.689655 0.775862 0.913793 0.965517 0.982759 1.000000 1.000000 1.000000 1.000000 1.000000 1.000000 1.000000 1.000000 1.000000 
0.000000 0.000000 0.000000 0.000000 0.000000 0.000000 0.000000 0.000000 0.000000 0.000000 0.020000 0.080000 0.220000 0.300000 0.400000 0.600000 0.720000 0.820000 0.920000 1.000000 
0.020000 0.160000 0.360000 0.560000 0.620000 0.740000 0.780000 0.800000 0.860000 0.880000 0.960000 0.980000 0.980000 0.980000 1.000000 1.000000 1.000000 1.000000 1.000000 1.000000 
0.000000 0.000000 0.000000 0.000000 0.000000 0.000000 0.000000 0.000000 0.000000 0.017241 0.051724 0.120690 0.241379 0.344828 0.551724 0.706897 0.827586 0.896552 0.948276 1.000000 
0.017241 0.017241 0.086207 0.103448 0.120690 0.241379 0.327586 0.431034 0.603448 0.672414 0.827586 0.948276 1.000000 1.000000 1.000000 1.000000 1.000000 1.000000 1.000000 1.000000 
0.000000 0.000000 0.000000 0.000000 0.000000 0.000000 0.000000 0.000000 0.000000 0.000000 0.060000 0.120000 0.200000 0.320000 0.460000 0.540000 0.680000 0.840000 0.940000 1.000000 
0.017241 0.034483 0.103448 0.189655 0.362069 0.465517 0.534483 0.637931 0.672414 0.793103 0.896552 0.913793 0.965517 0.982759 1.000000 1.000000 1.000000 1.000000 1.000000 1.000000 
0.000000 0.000000 0.000000 0.000000 0.000000 0.000000 0.000000 0.000000 0.000000 0.000000 0.000000 0.060000 0.180000 0.320000 0.480000 0.660000 0.840000 0.900000 0.920000 1.000000 
0.017241 0.086207 0.224138 0.379310 0.551724 0.637931 0.758621 0.844828 0.896552 0.948276 0.982759 1.000000 1.000000 1.000000 1.000000 1.000000 1.000000 1.000000 1.000000 1.000000 
0.000000 0.000000 0.000000 0.000000 0.000000 0.000000 0.000000 0.000000 0.000000 0.000000 0.040000 0.140000 0.220000 0.420000 0.580000 0.680000 0.780000 0.860000 0.920000 1.000000 
0.018519 0.074074 0.092593 0.222222 0.388889 0.462963 0.611111 0.685185 0.833333 0.925926 0.944444 1.000000 1.000000 1.000000 1.000000 1.000000 1.000000 1.000000 1.000000 1.000000 
0.000000 0.000000 0.000000 0.000000 0.000000 0.000000 0.000000 0.000000 0.000000 0.000000 0.018519 0.092593 0.129630 0.259259 0.481481 0.574074 0.759259 0.833333 0.888889 1.000000 
0.020000 0.120000 0.220000 0.420000 0.520000 0.720000 0.840000 0.860000 0.920000 0.960000 0.980000 0.980000 0.980000 0.980000 0.980000 0.980000 1.000000 1.000000 1.000000 1.000000 
0.000000 0.000000 0.000000 0.000000 0.000000 0.000000 0.000000 0.000000 0.000000 0.000000 0.051724 0.155172 0.224138 0.431034 0.482759 0.620690 0.741379 0.827586 0.896552 1.000000 
0.017241 0.034483 0.120690 0.172414 0.241379 0.275862 0.413793 0.603448 0.758621 0.827586 0.913793 0.948276 1.000000 1.000000 1.000000 1.000000 1.000000 1.000000 1.000000 1.000000 
0.000000 0.000000 0.000000 0.020000 0.020000 0.040000 0.080000 0.100000 0.200000 0.260000 0.440000 0.540000 0.660000 0.700000 0.780000 0.820000 0.860000 0.900000 0.980000 1.000000 
0.020000 0.060000 0.260000 0.400000 0.560000 0.640000 0.740000 0.820000 0.920000 0.920000 0.940000 0.980000 1.000000 1.000000 1.000000 1.000000 1.000000 1.000000 1.000000 1.000000 
0.000000 0.000000 0.000000 0.000000 0.000000 0.000000 0.000000 0.000000 0.000000 0.000000 0.034483 0.103448 0.293103 0.379310 0.551724 0.706897 0.844828 0.896552 0.948276 1.000000 
0.017241 0.034483 0.189655 0.293103 0.431034 0.465517 0.568966 0.689655 0.775862 0.844828 0.896552 0.948276 0.982759 1.000000 1.000000 1.000000 1.000000 1.000000 1.000000 1.000000 
0.000000 0.000000 0.000000 0.000000 0.000000 0.000000 0.000000 0.000000 0.000000 0.000000 0.000000 0.020000 0.040000 0.140000 0.300000 0.540000 0.720000 0.840000 0.900000 1.000000 
0.018519 0.092593 0.222222 0.333333 0.500000 0.685185 0.796296 0.851852 0.907407 0.925926 0.962963 0.981481 0.981481 0.981481 1.000000 1.000000 1.000000 1.000000 1.000000 1.000000 
0.000000 0.000000 0.000000 0.000000 0.000000 0.000000 0.000000 0.000000 0.000000 0.000000 0.000000 0.018519 0.055556 0.277778 0.388889 0.462963 0.648148 0.759259 0.944444 1.000000 
0.020000 0.020000 0.060000 0.200000 0.300000 0.500000 0.660000 0.720000 0.880000 0.900000 0.960000 0.960000 0.960000 0.980000 0.980000 1.000000 1.000000 1.000000 1.000000 1.000000 
0.000000 0.000000 0.000000 0.000000 0.000000 0.000000 0.000000 0.000000 0.086207 0.241379 0.344828 0.431034 0.517241 0.586207 0.741379 0.844828 0.913793 0.965517 0.982759 1.000000 
0.020000 0.020000 0.040000 0.120000 0.260000 0.440000 0.640000 0.800000 0.820000 0.920000 0.920000 0.960000 1.000000 1.000000 1.000000 1.000000 1.000000 1.000000 1.000000 1.000000 
0.000000 0.000000 0.000000 0.000000 0.000000 0.000000 0.000000 0.000000 0.000000 0.017241 0.034483 0.103448 0.293103 0.431034 0.517241 0.689655 0.810345 0.913793 0.965517 1.000000 
0.020000 0.080000 0.100000 0.260000 0.360000 0.520000 0.700000 0.800000 0.880000 0.900000 0.980000 0.980000 0.980000 0.980000 0.980000 0.980000 0.980000 1.000000 1.000000 1.000000 
0.000000 0.000000 0.000000 0.000000 0.000000 0.000000 0.000000 0.000000 0.000000 0.000000 0.051724 0.120690 0.206897 0.379310 0.534483 0.637931 0.775862 0.844828 0.931034 1.000000 
0.017241 0.051724 0.241379 0.431034 0.637931 0.741379 0.758621 0.862069 0.931034 0.982759 0.982759 1.000000 1.000000 1.000000 1.000000 1.000000 1.000000 1.000000 1.000000 1.000000 
0.000000 0.000000 0.000000 0.000000 0.000000 0.000000 0.000000 0.000000 0.000000 0.000000 0.080000 0.220000 0.380000 0.500000 0.580000 0.740000 0.820000 0.900000 0.940000 1.000000 
0.017241 0.137931 0.327586 0.534483 0.637931 0.793103 0.827586 0.913793 0.948276 1.000000 1.000000 1.000000 1.000000 1.000000 1.000000 1.000000 1.000000 1.000000 1.000000 1.000000 
0.000000 0.000000 0.000000 0.000000 0.000000 0.000000 0.000000 0.000000 0.000000 0.000000 0.060000 0.140000 0.300000 0.380000 0.580000 0.660000 0.760000 0.860000 0.940000 1.000000 
0.018519 0.018519 0.037037 0.055556 0.148148 0.277778 0.388889 0.537037 0.722222 0.814815 0.925926 1.000000 1.000000 1.000000 1.000000 1.000000 1.000000 1.000000 1.000000 1.000000 
0.000000 0.000000 0.000000 0.000000 0.000000 0.000000 0.000000 0.018519 0.018519 0.037037 0.092593 0.166667 0.259259 0.388889 0.500000 0.611111 0.740741 0.833333 0.925926 1.000000 
0.017241 0.051724 0.120690 0.258621 0.379310 0.465517 0.568966 0.689655 0.862069 0.948276 0.965517 1.000000 1.000000 1.000000 1.000000 1.000000 1.000000 1.000000 1.000000 1.000000 
0.000000 0.000000 0.000000 0.000000 0.000000 0.000000 0.000000 0.000000 0.000000 0.040000 0.100000 0.200000 0.320000 0.460000 0.600000 0.720000 0.800000 0.920000 0.960000 1.000000 
0.018519 0.018519 0.018519 0.055556 0.166667 0.240741 0.314815 0.481481 0.555556 0.759259 0.851852 0.962963 0.981481 1.000000 1.000000 1.000000 1.000000 1.000000 1.000000 1.000000 
0.000000 0.000000 0.000000 0.000000 0.000000 0.000000 0.000000 0.000000 0.000000 0.000000 0.000000 0.037037 0.055556 0.148148 0.259259 0.407407 0.592593 0.722222 0.962963 1.000000 
0.020000 0.040000 0.080000 0.260000 0.460000 0.600000 0.760000 0.900000 0.940000 0.940000 0.960000 0.960000 0.980000 1.000000 1.000000 1.000000 1.000000 1.000000 1.000000 1.000000 
0.000000 0.000000 0.000000 0.000000 0.000000 0.000000 0.000000 0.000000 0.000000 0.034483 0.068966 0.137931 0.241379 0.362069 0.551724 0.620690 0.706897 0.862069 0.913793 1.000000 
0.017241 0.103448 0.172414 0.344828 0.586207 0.741379 0.896552 0.896552 0.913793 0.931034 0.965517 1.000000 1.000000 1.000000 1.000000 1.000000 1.000000 1.000000 1.000000 1.000000 
0.000000 0.000000 0.000000 0.000000 0.000000 0.000000 0.000000 0.000000 0.020000 0.020000 0.040000 0.140000 0.240000 0.340000 0.400000 0.580000 0.700000 0.800000 0.920000 1.000000 
0.018519 0.055556 0.092593 0.240741 0.388889 0.462963 0.629630 0.777778 0.870370 0.944444 0.981481 0.981481 0.981481 0.981481 0.981481 0.981481 0.981481 1.000000 1.000000 1.000000 
0.000000 0.000000 0.000000 0.000000 0.000000 0.000000 0.000000 0.000000 0.000000 0.000000 0.000000 0.018519 0.074074 0.129630 0.333333 0.481481 0.537037 0.740741 0.833333 1.000000 
0.020000 0.080000 0.120000 0.260000 0.440000 0.560000 0.740000 0.840000 0.940000 0.960000 0.960000 0.980000 0.980000 0.980000 0.980000 0.980000 0.980000 0.980000 1.000000 1.000000 
0.000000 0.000000 0.000000 0.000000 0.000000 0.000000 0.000000 0.034483 0.086207 0.103448 0.189655 0.275862 0.379310 0.568966 0.672414 0.758621 0.862069 0.913793 0.948276 1.000000 
0.020000 0.020000 0.140000 0.220000 0.280000 0.400000 0.720000 0.860000 0.940000 0.960000 0.980000 0.980000 0.980000 1.000000 1.000000 1.000000 1.000000 1.000000 1.000000 1.000000 
0.000000 0.000000 0.000000 0.000000 0.000000 0.000000 0.000000 0.000000 0.000000 0.103448 0.224138 0.293103 0.396552 0.517241 0.672414 0.758621 0.793103 0.965517 0.982759 1.000000 
0.018519 0.111111 0.222222 0.351852 0.574074 0.703704 0.796296 0.833333 0.888889 0.925926 0.962963 0.962963 0.981481 0.981481 0.981481 0.981481 1.000000 1.000000 1.000000 1.000000 
0.000000 0.000000 0.000000 0.000000 0.000000 0.000000 0.000000 0.000000 0.000000 0.018519 0.018519 0.055556 0.203704 0.296296 0.444444 0.574074 0.666667 0.777778 0.870370 1.000000 
0.020000 0.040000 0.140000 0.200000 0.260000 0.420000 0.580000 0.680000 0.800000 0.900000 0.980000 0.980000 0.980000 0.980000 1.000000 1.000000 1.000000 1.000000 1.000000 1.000000 
0.000000 0.000000 0.000000 0.000000 0.000000 0.000000 0.000000 0.000000 0.017241 0.017241 0.120690 0.293103 0.448276 0.551724 0.637931 0.724138 0.810345 0.879310 0.965517 1.000000 
0.017241 0.086207 0.258621 0.413793 0.517241 0.655172 0.844828 0.896552 0.931034 0.982759 0.982759 1.000000 1.000000 1.000000 1.000000 1.000000 1.000000 1.000000 1.000000 1.000000 
0.000000 0.000000 0.000000 0.000000 0.000000 0.000000 0.000000 0.000000 0.000000 0.000000 0.020000 0.080000 0.160000 0.320000 0.420000 0.640000 0.780000 0.920000 0.960000 1.000000 
0.018519 0.074074 0.166667 0.240741 0.370370 0.425926 0.537037 0.611111 0.648148 0.833333 0.888889 0.907407 0.944444 0.981481 0.981481 0.981481 0.981481 0.981481 1.000000 1.000000 
0.000000 0.000000 0.000000 0.000000 0.000000 0.000000 0.000000 0.000000 0.000000 0.000000 0.000000 0.018519 0.092593 0.240741 0.333333 0.407407 0.574074 0.796296 0.907407 1.000000 
0.017241 0.017241 0.034483 0.051724 0.103448 0.120690 0.172414 0.275862 0.396552 0.465517 0.586207 0.672414 0.758621 0.775862 0.879310 0.896552 0.931034 0.948276 0.982759 1.000000 
0.000000 0.000000 0.000000 0.000000 0.000000 0.000000 0.040000 0.100000 0.100000 0.220000 0.420000 0.560000 0.740000 0.800000 0.860000 0.940000 0.980000 0.980000 1.000000 1.000000 
0.020000 0.040000 0.080000 0.240000 0.320000 0.440000 0.480000 0.560000 0.620000 0.680000 0.700000 0.840000 0.940000 1.000000 1.000000 1.000000 1.000000 1.000000 1.000000 1.000000 
0.000000 0.000000 0.000000 0.000000 0.000000 0.000000 0.000000 0.000000 0.000000 0.000000 0.000000 0.017241 0.120690 0.327586 0.534483 0.741379 0.862069 0.913793 0.948276 1.000000 
0.017241 0.086207 0.258621 0.344828 0.482759 0.603448 0.672414 0.724138 0.827586 0.913793 0.965517 1.000000 1.000000 1.000000 1.000000 1.000000 1.000000 1.000000 1.000000 1.000000 
0.000000 0.000000 0.000000 0.000000 0.000000 0.000000 0.000000 0.000000 0.000000 0.000000 0.020000 0.080000 0.200000 0.240000 0.360000 0.440000 0.620000 0.740000 0.860000 1.000000 
0.018519 0.074074 0.148148 0.277778 0.407407 0.555556 0.685185 0.796296 0.796296 0.870370 0.907407 0.944444 0.962963 0.981481 0.981481 0.981481 0.981481 0.981481 0.981481 1.000000 
0.000000 0.000000 0.000000 0.000000 0.000000 0.000000 0.000000 0.000000 0.000000 0.000000 0.000000 0.000000 0.055556 0.129630 0.203704 0.425926 0.592593 0.759259 0.870370 1.000000 
0.018519 0.055556 0.129630 0.185185 0.333333 0.481481 0.611111 0.814815 0.907407 0.944444 0.962963 0.981481 1.000000 1.000000 1.000000 1.000000 1.000000 1.000000 1.000000 1.000000 
0.000000 0.000000 0.000000 0.000000 0.000000 0.000000 0.000000 0.000000 0.000000 0.000000 0.018519 0.074074 0.129630 0.351852 0.611111 0.722222 0.870370 0.907407 0.962963 1.000000 
0.018519 0.092593 0.166667 0.296296 0.388889 0.555556 0.740741 0.870370 0.944444 0.981481 0.981481 0.981481 0.981481 0.981481 0.981481 0.981481 1.000000 1.000000 1.000000 1.000000 
0.000000 0.000000 0.000000 0.000000 0.000000 0.000000 0.000000 0.000000 0.000000 0.000000 0.000000 0.000000 0.092593 0.185185 0.351852 0.500000 0.666667 0.777778 0.851852 1.000000 
0.017241 0.086207 0.137931 0.155172 0.362069 0.482759 0.551724 0.741379 0.862069 0.948276 0.982759 1.000000 1.000000 1.000000 1.000000 1.000000 1.000000 1.000000 1.000000 1.000000 
0.000000 0.000000 0.000000 0.000000 0.000000 0.000000 0.000000 0.000000 0.000000 0.060000 0.080000 0.100000 0.260000 0.380000 0.520000 0.680000 0.840000 0.880000 0.960000 1.000000 
0.020000 0.080000 0.220000 0.300000 0.440000 0.520000 0.580000 0.640000 0.680000 0.760000 0.860000 0.920000 0.980000 1.000000 1.000000 1.000000 1.000000 1.000000 1.000000 1.000000 
0.000000 0.000000 0.000000 0.000000 0.000000 0.000000 0.000000 0.000000 0.000000 0.000000 0.000000 0.034483 0.068966 0.275862 0.448276 0.706897 0.844828 0.913793 0.931034 1.000000 
0.020000 0.080000 0.220000 0.340000 0.460000 0.580000 0.660000 0.680000 0.700000 0.820000 0.880000 0.960000 0.980000 0.980000 1.000000 1.000000 1.000000 1.000000 1.000000 1.000000 
0.000000 0.000000 0.000000 0.000000 0.000000 0.000000 0.000000 0.000000 0.000000 0.000000 0.000000 0.086207 0.206897 0.310345 0.500000 0.724138 0.827586 0.913793 0.948276 1.000000 
0.020000 0.080000 0.360000 0.440000 0.540000 0.600000 0.740000 0.840000 0.860000 0.880000 0.940000 0.940000 0.960000 1.000000 1.000000 1.000000 1.000000 1.000000 1.000000 1.000000 
0.000000 0.000000 0.000000 0.000000 0.000000 0.000000 0.000000 0.000000 0.000000 0.000000 0.017241 0.103448 0.172414 0.344828 0.431034 0.603448 0.724138 0.775862 0.913793 1.000000 
0.020000 0.040000 0.080000 0.240000 0.380000 0.500000 0.640000 0.780000 0.820000 0.860000 0.960000 0.960000 0.980000 1.000000 1.000000 1.000000 1.000000 1.000000 1.000000 1.000000 
0.000000 0.000000 0.000000 0.000000 0.000000 0.000000 0.000000 0.000000 0.000000 0.000000 0.017241 0.017241 0.137931 0.206897 0.327586 0.500000 0.655172 0.827586 0.965517 1.000000 
0.020000 0.040000 0.100000 0.200000 0.260000 0.460000 0.560000 0.660000 0.740000 0.740000 0.880000 0.920000 0.940000 0.960000 1.000000 1.000000 1.000000 1.000000 1.000000 1.000000 
0.000000 0.000000 0.000000 0.000000 0.000000 0.000000 0.000000 0.000000 0.000000 0.000000 0.000000 0.000000 0.068966 0.137931 0.206897 0.293103 0.586207 0.827586 0.862069 1.000000 
0.018519 0.055556 0.129630 0.277778 0.444444 0.537037 0.703704 0.796296 0.870370 0.944444 0.981481 0.981481 0.981481 1.000000 1.000000 1.000000 1.000000 1.000000 1.000000 1.000000 
0.000000 0.000000 0.000000 0.000000 0.000000 0.000000 0.000000 0.000000 0.000000 0.000000 0.000000 0.000000 0.092593 0.296296 0.407407 0.574074 0.759259 0.888889 0.944444 1.000000 
0.017241 0.086207 0.189655 0.275862 0.482759 0.637931 0.689655 0.775862 0.844828 0.896552 0.948276 0.965517 0.965517 0.982759 1.000000 1.000000 1.000000 1.000000 1.000000 1.000000 
0.000000 0.000000 0.000000 0.000000 0.000000 0.000000 0.000000 0.020000 0.020000 0.060000 0.180000 0.260000 0.440000 0.560000 0.640000 0.740000 0.800000 0.920000 0.960000 1.000000 
0.020000 0.060000 0.120000 0.160000 0.220000 0.360000 0.600000 0.680000 0.740000 0.900000 0.960000 0.980000 0.980000 1.000000 1.000000 1.000000 1.000000 1.000000 1.000000 1.000000 
0.000000 0.000000 0.000000 0.000000 0.000000 0.000000 0.000000 0.051724 0.086207 0.155172 0.327586 0.517241 0.655172 0.741379 0.879310 0.913793 0.913793 0.965517 0.982759 1.000000 
0.018519 0.055556 0.129630 0.314815 0.481481 0.629630 0.740741 0.814815 0.870370 0.907407 0.944444 0.981481 0.981481 0.981481 1.000000 1.000000 1.000000 1.000000 1.000000 1.000000 
0.000000 0.000000 0.000000 0.000000 0.000000 0.000000 0.000000 0.000000 0.000000 0.037037 0.129630 0.203704 0.351852 0.444444 0.611111 0.685185 0.814815 0.962963 0.981481 1.000000 
0.017241 0.103448 0.258621 0.344828 0.500000 0.620690 0.724138 0.827586 0.896552 0.896552 0.948276 0.982759 1.000000 1.000000 1.000000 1.000000 1.000000 1.000000 1.000000 1.000000 
0.000000 0.000000 0.000000 0.000000 0.000000 0.000000 0.000000 0.000000 0.000000 0.000000 0.000000 0.000000 0.080000 0.260000 0.440000 0.500000 0.700000 0.900000 0.940000 1.000000 
0.017241 0.086207 0.241379 0.362069 0.396552 0.534483 0.586207 0.706897 0.775862 0.896552 0.982759 1.000000 1.000000 1.000000 1.000000 1.000000 1.000000 1.000000 1.000000 1.000000 
0.000000 0.000000 0.000000 0.000000 0.000000 0.000000 0.000000 0.000000 0.000000 0.000000 0.020000 0.140000 0.220000 0.260000 0.440000 0.580000 0.700000 0.800000 0.940000 1.000000 
0.020000 0.020000 0.080000 0.380000 0.500000 0.600000 0.720000 0.820000 0.860000 0.880000 0.940000 0.940000 0.960000 0.980000 0.980000 0.980000 1.000000 1.000000 1.000000 1.000000 
0.000000 0.000000 0.000000 0.000000 0.000000 0.000000 0.000000 0.000000 0.000000 0.017241 0.068966 0.172414 0.327586 0.431034 0.620690 0.758621 0.827586 0.913793 0.982759 1.000000 
0.018519 0.148148 0.259259 0.425926 0.611111 0.703704 0.777778 0.833333 0.944444 0.962963 0.962963 0.962963 0.962963 1.000000 1.000000 1.000000 1.000000 1.000000 1.000000 1.000000 
0.000000 0.000000 0.000000 0.000000 0.000000 0.000000 0.000000 0.000000 0.000000 0.000000 0.000000 0.055556 0.166667 0.314815 0.462963 0.592593 0.703704 0.796296 0.888889 1.000000 
0.018519 0.018519 0.018519 0.055556 0.148148 0.222222 0.314815 0.425926 0.555556 0.759259 0.851852 0.944444 0.962963 0.962963 0.962963 1.000000 1.000000 1.000000 1.000000 1.000000 
0.000000 0.000000 0.000000 0.000000 0.000000 0.000000 0.000000 0.000000 0.000000 0.000000 0.018519 0.111111 0.166667 0.296296 0.500000 0.592593 0.777778 0.962963 0.981481 1.000000 
0.020000 0.040000 0.100000 0.220000 0.440000 0.620000 0.700000 0.800000 0.940000 0.960000 0.980000 0.980000 1.000000 1.000000 1.000000 1.000000 1.000000 1.000000 1.000000 1.000000 
0.000000 0.000000 0.000000 0.000000 0.000000 0.000000 0.000000 0.000000 0.000000 0.017241 0.068966 0.189655 0.327586 0.413793 0.534483 0.724138 0.827586 0.913793 0.965517 1.000000 
